# #Wavelength [um]  Transmission
1.30507416e+01 0.0
1.30517250e+01 0.0
1.30527084e+01 0.0
1.30536918e+01 0.0
1.30546753e+01 0.0
1.30556587e+01 0.0
1.30566421e+01 0.0
1.30576256e+01 0.0
1.30586090e+01 0.0
1.30595924e+01 0.0
1.30605758e+01 0.0
1.30615593e+01 0.0
1.30625427e+01 0.0
1.30635261e+01 0.0
1.30645096e+01 0.0
1.30654930e+01 0.0
1.30664764e+01 0.0
1.30674598e+01 0.0
1.30684433e+01 0.0
1.30694267e+01 0.0
1.30704101e+01 0.0
1.30713936e+01 0.0
1.30723770e+01 0.0
1.30733604e+01 0.0
1.30743439e+01 0.0
1.30753273e+01 0.0
1.30763107e+01 0.0
1.30772941e+01 0.0
1.30782776e+01 0.0
1.30792610e+01 0.0
1.30802444e+01 0.0
1.30812279e+01 0.0
1.30822113e+01 0.0
1.30831947e+01 0.0
1.30841781e+01 0.0
1.30851616e+01 0.0
1.30861450e+01 0.0
1.30871284e+01 0.0
1.30881119e+01 0.0
1.30890953e+01 0.0
1.30900787e+01 0.0
1.30910621e+01 0.0
1.30920456e+01 0.0
1.30930290e+01 0.0
1.30940124e+01 0.0
1.30949959e+01 0.0
1.30959793e+01 0.0
1.30969627e+01 0.0
1.30979461e+01 0.0
1.30989296e+01 0.0
1.30999130e+01 0.0
1.31008964e+01 0.0
1.31018799e+01 0.0
1.31028633e+01 0.0
1.31038467e+01 0.0
1.31048301e+01 0.0
1.31058136e+01 0.0
1.31067970e+01 0.0
1.31077804e+01 0.0
1.31087639e+01 0.0
1.31097473e+01 0.0
1.31107307e+01 0.0
1.31117141e+01 0.0
1.31126976e+01 0.0
1.31136810e+01 0.0
1.31146644e+01 0.0
1.31156479e+01 0.0
1.31166313e+01 0.0
1.31176147e+01 0.0
1.31185981e+01 0.0
1.31195816e+01 0.0
1.31205650e+01 0.0
1.31215484e+01 0.0
1.31225319e+01 0.0
1.31235153e+01 0.0
1.31244987e+01 0.0
1.31254821e+01 0.0
1.31264656e+01 0.0
1.31274490e+01 0.0
1.31284324e+01 0.0
1.31294159e+01 0.0
1.31303993e+01 0.0
1.31313827e+01 0.0
1.31323661e+01 0.0
1.31333496e+01 0.0
1.31343330e+01 0.0
1.31353164e+01 0.0
1.31362999e+01 0.0
1.31372833e+01 0.0
1.31382667e+01 0.0
1.31392501e+01 0.0
1.31402336e+01 0.0
1.31412170e+01 0.0
1.31422004e+01 0.0
1.31431839e+01 0.0
1.31441673e+01 0.0
1.31451507e+01 0.0
1.31461342e+01 0.0
1.31471176e+01 0.0
1.31481010e+01 0.0
1.31490844e+01 0.0
1.31500679e+01 1.0
1.31510513e+01 1.0
1.31520347e+01 1.0
1.31530182e+01 1.0
1.31540016e+01 1.0
1.31549850e+01 1.0
1.31559684e+01 1.0
1.31569519e+01 1.0
1.31579353e+01 1.0
1.31589187e+01 1.0
1.31599022e+01 1.0
1.31608856e+01 1.0
1.31618690e+01 1.0
1.31628524e+01 1.0
1.31638359e+01 1.0
1.31648193e+01 1.0
1.31658027e+01 1.0
1.31667862e+01 1.0
1.31677696e+01 1.0
1.31687530e+01 1.0
1.31697364e+01 1.0
1.31707199e+01 1.0
1.31717033e+01 1.0
1.31726867e+01 1.0
1.31736702e+01 1.0
1.31746536e+01 1.0
1.31756370e+01 1.0
1.31766204e+01 1.0
1.31776039e+01 1.0
1.31785873e+01 1.0
1.31795707e+01 1.0
1.31805542e+01 1.0
1.31815376e+01 1.0
1.31825210e+01 1.0
1.31835044e+01 1.0
1.31844879e+01 1.0
1.31854713e+01 1.0
1.31864547e+01 1.0
1.31874382e+01 1.0
1.31884216e+01 1.0
1.31894050e+01 1.0
1.31903884e+01 1.0
1.31913719e+01 1.0
1.31923553e+01 1.0
1.31933387e+01 1.0
1.31943222e+01 1.0
1.31953056e+01 1.0
1.31962890e+01 1.0
1.31972724e+01 1.0
1.31982559e+01 1.0
1.31992393e+01 1.0
1.32002227e+01 1.0
1.32012062e+01 1.0
1.32021896e+01 1.0
1.32031730e+01 1.0
1.32041564e+01 1.0
1.32051399e+01 1.0
1.32061233e+01 1.0
1.32071067e+01 1.0
1.32080902e+01 1.0
1.32090736e+01 1.0
1.32100570e+01 1.0
1.32110404e+01 1.0
1.32120239e+01 1.0
1.32130073e+01 1.0
1.32139907e+01 1.0
1.32149742e+01 1.0
1.32159576e+01 1.0
1.32169410e+01 1.0
1.32179244e+01 1.0
1.32189079e+01 1.0
1.32198913e+01 1.0
1.32208747e+01 1.0
1.32218582e+01 1.0
1.32228416e+01 1.0
1.32238250e+01 1.0
1.32248085e+01 1.0
1.32257919e+01 1.0
1.32267753e+01 1.0
1.32277587e+01 1.0
1.32287422e+01 1.0
1.32297256e+01 1.0
1.32307090e+01 1.0
1.32316925e+01 1.0
1.32326759e+01 1.0
1.32336593e+01 1.0
1.32346427e+01 1.0
1.32356262e+01 1.0
1.32366096e+01 1.0
1.32375930e+01 1.0
1.32385765e+01 1.0
1.32395599e+01 1.0
1.32405433e+01 1.0
1.32415267e+01 1.0
1.32425102e+01 1.0
1.32434936e+01 1.0
1.32444770e+01 1.0
1.32454605e+01 1.0
1.32464439e+01 1.0
1.32474273e+01 1.0
1.32484107e+01 1.0
1.32493942e+01 1.0
1.32503776e+01 1.0
1.32513610e+01 1.0
1.32523445e+01 1.0
1.32533279e+01 1.0
1.32543113e+01 1.0
1.32552947e+01 1.0
1.32562782e+01 1.0
1.32572616e+01 1.0
1.32582450e+01 1.0
1.32592285e+01 1.0
1.32602119e+01 1.0
1.32611953e+01 1.0
1.32621787e+01 1.0
1.32631622e+01 1.0
1.32641456e+01 1.0
1.32651290e+01 1.0
1.32661125e+01 1.0
1.32670959e+01 1.0
1.32680793e+01 1.0
1.32690627e+01 1.0
1.32700462e+01 1.0
1.32710296e+01 1.0
1.32720130e+01 1.0
1.32729965e+01 1.0
1.32739799e+01 1.0
1.32749633e+01 1.0
1.32759467e+01 1.0
1.32769302e+01 1.0
1.32779136e+01 1.0
1.32788970e+01 1.0
1.32798805e+01 1.0
1.32808639e+01 1.0
1.32818473e+01 1.0
1.32828307e+01 1.0
1.32838142e+01 1.0
1.32847976e+01 1.0
1.32857810e+01 1.0
1.32867645e+01 1.0
1.32877479e+01 1.0
1.32887313e+01 1.0
1.32897147e+01 1.0
1.32906982e+01 1.0
1.32916816e+01 1.0
1.32926650e+01 1.0
1.32936485e+01 1.0
1.32946319e+01 1.0
1.32956153e+01 1.0
1.32965988e+01 1.0
1.32975822e+01 1.0
1.32985656e+01 1.0
1.32995490e+01 1.0
1.33005325e+01 1.0
1.33015159e+01 1.0
1.33024993e+01 1.0
1.33034828e+01 1.0
1.33044662e+01 1.0
1.33054496e+01 1.0
1.33064330e+01 1.0
1.33074165e+01 1.0
1.33083999e+01 1.0
1.33093833e+01 1.0
1.33103668e+01 1.0
1.33113502e+01 1.0
1.33123336e+01 1.0
1.33133170e+01 1.0
1.33143005e+01 1.0
1.33152839e+01 1.0
1.33162673e+01 1.0
1.33172508e+01 1.0
1.33182342e+01 1.0
1.33192176e+01 1.0
1.33202010e+01 1.0
1.33211845e+01 1.0
1.33221679e+01 1.0
1.33231513e+01 1.0
1.33241348e+01 1.0
1.33251182e+01 1.0
1.33261016e+01 1.0
1.33270850e+01 1.0
1.33280685e+01 1.0
1.33290519e+01 1.0
1.33300353e+01 1.0
1.33310188e+01 1.0
1.33320022e+01 1.0
1.33329856e+01 1.0
1.33339690e+01 1.0
1.33349525e+01 1.0
1.33359359e+01 0.0
1.33369193e+01 0.0
1.33379028e+01 0.0
1.33388862e+01 0.0
1.33398696e+01 0.0
1.33408530e+01 0.0
1.33418365e+01 0.0
1.33428199e+01 0.0
1.33438033e+01 0.0
1.33447868e+01 0.0
1.33457702e+01 0.0
1.33467536e+01 0.0
1.33477370e+01 0.0
1.33487205e+01 0.0
1.33497039e+01 0.0
1.33506873e+01 0.0
1.33516708e+01 0.0
1.33526542e+01 0.0
1.33536376e+01 0.0
1.33546210e+01 0.0
1.33556045e+01 0.0
1.33565879e+01 0.0
1.33575713e+01 0.0
1.33585548e+01 0.0
1.33595382e+01 0.0
1.33605216e+01 0.0
1.33615050e+01 0.0
1.33624885e+01 0.0
1.33634719e+01 0.0
1.33644553e+01 0.0
1.33654388e+01 0.0
1.33664222e+01 0.0
1.33674056e+01 0.0
1.33683891e+01 0.0
1.33693725e+01 0.0
1.33703559e+01 0.0
1.33713393e+01 0.0
1.33723228e+01 0.0
1.33733062e+01 0.0
1.33742896e+01 0.0
1.33752731e+01 0.0
1.33762565e+01 0.0
1.33772399e+01 0.0
1.33782233e+01 0.0
1.33792068e+01 0.0
1.33801902e+01 0.0
1.33811736e+01 0.0
1.33821571e+01 0.0
1.33831405e+01 0.0
1.33841239e+01 0.0
1.33851073e+01 0.0
1.33860908e+01 0.0
1.33870742e+01 0.0
1.33880576e+01 0.0
1.33890411e+01 0.0
1.33900245e+01 0.0
1.33910079e+01 0.0
1.33919913e+01 0.0
1.33929748e+01 0.0
1.33939582e+01 0.0
1.33949416e+01 0.0
1.33959251e+01 0.0
1.33969085e+01 0.0
1.33978919e+01 0.0
1.33988753e+01 0.0
1.33998588e+01 0.0
1.34008422e+01 0.0
1.34018256e+01 0.0
1.34028091e+01 0.0
1.34037925e+01 0.0
1.34047759e+01 0.0
1.34057593e+01 0.0
1.34067428e+01 0.0
1.34077262e+01 0.0
1.34087096e+01 0.0
1.34096931e+01 0.0
1.34106765e+01 0.0
1.34116599e+01 0.0
1.34126433e+01 0.0
1.34136268e+01 0.0
1.34146102e+01 0.0
1.34155936e+01 0.0
1.34165771e+01 0.0
1.34175605e+01 0.0
1.34185439e+01 0.0
1.34195273e+01 0.0
1.34205108e+01 0.0
1.34214942e+01 0.0
1.34224776e+01 0.0
1.34234611e+01 0.0
1.34244445e+01 0.0
1.34254279e+01 0.0
1.34264113e+01 0.0
1.34273948e+01 0.0
1.34283782e+01 0.0
1.34293616e+01 0.0
