# #Wavelength [um]  Transmission
7.84053597e+00 0.0
7.84151940e+00 0.0
7.84250283e+00 0.0
7.84348626e+00 0.0
7.84446969e+00 0.0
7.84545312e+00 0.0
7.84643655e+00 0.0
7.84741997e+00 0.0
7.84840340e+00 0.0
7.84938683e+00 0.0
7.85037026e+00 0.0
7.85135369e+00 0.0
7.85233712e+00 0.0
7.85332055e+00 0.0
7.85430398e+00 0.0
7.85528740e+00 0.0
7.85627083e+00 0.0
7.85725426e+00 0.0
7.85823769e+00 0.0
7.85922112e+00 0.0
7.86020455e+00 0.0
7.86118798e+00 0.0
7.86217141e+00 0.0
7.86315483e+00 0.0
7.86413826e+00 0.0
7.86512169e+00 0.0
7.86610512e+00 0.0
7.86708855e+00 0.0
7.86807198e+00 0.0
7.86905541e+00 0.0
7.87003884e+00 0.0
7.87102226e+00 0.0
7.87200569e+00 0.0
7.87298912e+00 0.0
7.87397255e+00 0.0
7.87495598e+00 0.0
7.87593941e+00 0.0
7.87692284e+00 0.0
7.87790627e+00 0.0
7.87888969e+00 0.0
7.87987312e+00 0.0
7.88085655e+00 0.0
7.88183998e+00 0.0
7.88282341e+00 0.0
7.88380684e+00 0.0
7.88479027e+00 0.0
7.88577370e+00 0.0
7.88675712e+00 0.0
7.88774055e+00 0.0
7.88872398e+00 0.0
7.88970741e+00 0.0
7.89069084e+00 0.0
7.89167427e+00 0.0
7.89265770e+00 0.0
7.89364113e+00 0.0
7.89462455e+00 0.0
7.89560798e+00 0.0
7.89659141e+00 0.0
7.89757484e+00 0.0
7.89855827e+00 0.0
7.89954170e+00 0.0
7.90052513e+00 0.0
7.90150856e+00 0.0
7.90249198e+00 0.0
7.90347541e+00 0.0
7.90445884e+00 0.0
7.90544227e+00 0.0
7.90642570e+00 0.0
7.90740913e+00 0.0
7.90839256e+00 0.0
7.90937599e+00 0.0
7.91035942e+00 0.0
7.91134284e+00 0.0
7.91232627e+00 0.0
7.91330970e+00 0.0
7.91429313e+00 0.0
7.91527656e+00 0.0
7.91625999e+00 0.0
7.91724342e+00 0.0
7.91822685e+00 0.0
7.91921027e+00 0.0
7.92019370e+00 0.0
7.92117713e+00 0.0
7.92216056e+00 0.0
7.92314399e+00 0.0
7.92412742e+00 0.0
7.92511085e+00 0.0
7.92609428e+00 0.0
7.92707770e+00 0.0
7.92806113e+00 0.0
7.92904456e+00 0.0
7.93002799e+00 0.0
7.93101142e+00 0.0
7.93199485e+00 0.0
7.93297828e+00 0.0
7.93396171e+00 0.0
7.93494513e+00 0.0
7.93592856e+00 1.0
7.93691199e+00 1.0
7.93789542e+00 1.0
7.93887885e+00 1.0
7.93986228e+00 1.0
7.94084571e+00 1.0
7.94182914e+00 1.0
7.94281256e+00 1.0
7.94379599e+00 1.0
7.94477942e+00 1.0
7.94576285e+00 1.0
7.94674628e+00 1.0
7.94772971e+00 1.0
7.94871314e+00 1.0
7.94969657e+00 1.0
7.95067999e+00 1.0
7.95166342e+00 1.0
7.95264685e+00 1.0
7.95363028e+00 1.0
7.95461371e+00 1.0
7.95559714e+00 1.0
7.95658057e+00 1.0
7.95756400e+00 1.0
7.95854742e+00 1.0
7.95953085e+00 1.0
7.96051428e+00 1.0
7.96149771e+00 1.0
7.96248114e+00 1.0
7.96346457e+00 1.0
7.96444800e+00 1.0
7.96543143e+00 1.0
7.96641485e+00 1.0
7.96739828e+00 1.0
7.96838171e+00 1.0
7.96936514e+00 1.0
7.97034857e+00 1.0
7.97133200e+00 1.0
7.97231543e+00 1.0
7.97329886e+00 1.0
7.97428228e+00 1.0
7.97526571e+00 1.0
7.97624914e+00 1.0
7.97723257e+00 1.0
7.97821600e+00 1.0
7.97919943e+00 1.0
7.98018286e+00 1.0
7.98116629e+00 1.0
7.98214971e+00 1.0
7.98313314e+00 1.0
7.98411657e+00 1.0
7.98510000e+00 1.0
7.98608343e+00 1.0
7.98706686e+00 1.0
7.98805029e+00 1.0
7.98903372e+00 1.0
7.99001714e+00 1.0
7.99100057e+00 1.0
7.99198400e+00 1.0
7.99296743e+00 1.0
7.99395086e+00 1.0
7.99493429e+00 1.0
7.99591772e+00 1.0
7.99690115e+00 1.0
7.99788458e+00 1.0
7.99886800e+00 1.0
7.99985143e+00 1.0
8.00083486e+00 1.0
8.00181829e+00 1.0
8.00280172e+00 1.0
8.00378515e+00 1.0
8.00476858e+00 1.0
8.00575201e+00 1.0
8.00673543e+00 1.0
8.00771886e+00 1.0
8.00870229e+00 1.0
8.00968572e+00 1.0
8.01066915e+00 1.0
8.01165258e+00 1.0
8.01263601e+00 1.0
8.01361944e+00 1.0
8.01460286e+00 1.0
8.01558629e+00 1.0
8.01656972e+00 1.0
8.01755315e+00 1.0
8.01853658e+00 1.0
8.01952001e+00 1.0
8.02050344e+00 1.0
8.02148687e+00 1.0
8.02247029e+00 1.0
8.02345372e+00 1.0
8.02443715e+00 1.0
8.02542058e+00 1.0
8.02640401e+00 1.0
8.02738744e+00 1.0
8.02837087e+00 1.0
8.02935430e+00 1.0
8.03033772e+00 1.0
8.03132115e+00 1.0
8.03230458e+00 1.0
8.03328801e+00 1.0
8.03427144e+00 1.0
8.03525487e+00 1.0
8.03623830e+00 1.0
8.03722173e+00 1.0
8.03820515e+00 1.0
8.03918858e+00 1.0
8.04017201e+00 1.0
8.04115544e+00 1.0
8.04213887e+00 1.0
8.04312230e+00 1.0
8.04410573e+00 1.0
8.04508916e+00 1.0
8.04607258e+00 1.0
8.04705601e+00 1.0
8.04803944e+00 1.0
8.04902287e+00 1.0
8.05000630e+00 1.0
8.05098973e+00 1.0
8.05197316e+00 1.0
8.05295659e+00 1.0
8.05394001e+00 1.0
8.05492344e+00 1.0
8.05590687e+00 1.0
8.05689030e+00 1.0
8.05787373e+00 1.0
8.05885716e+00 1.0
8.05984059e+00 1.0
8.06082402e+00 1.0
8.06180744e+00 1.0
8.06279087e+00 1.0
8.06377430e+00 1.0
8.06475773e+00 1.0
8.06574116e+00 1.0
8.06672459e+00 1.0
8.06770802e+00 1.0
8.06869145e+00 1.0
8.06967487e+00 1.0
8.07065830e+00 1.0
8.07164173e+00 1.0
8.07262516e+00 1.0
8.07360859e+00 1.0
8.07459202e+00 1.0
8.07557545e+00 1.0
8.07655888e+00 1.0
8.07754230e+00 1.0
8.07852573e+00 1.0
8.07950916e+00 1.0
8.08049259e+00 1.0
8.08147602e+00 1.0
8.08245945e+00 1.0
8.08344288e+00 1.0
8.08442631e+00 1.0
8.08540973e+00 1.0
8.08639316e+00 1.0
8.08737659e+00 1.0
8.08836002e+00 1.0
8.08934345e+00 1.0
8.09032688e+00 1.0
8.09131031e+00 1.0
8.09229374e+00 1.0
8.09327717e+00 1.0
8.09426059e+00 1.0
8.09524402e+00 1.0
8.09622745e+00 1.0
8.09721088e+00 1.0
8.09819431e+00 1.0
8.09917774e+00 1.0
8.10016117e+00 1.0
8.10114460e+00 1.0
8.10212802e+00 1.0
8.10311145e+00 1.0
8.10409488e+00 1.0
8.10507831e+00 1.0
8.10606174e+00 1.0
8.10704517e+00 1.0
8.10802860e+00 1.0
8.10901203e+00 1.0
8.10999545e+00 1.0
8.11097888e+00 1.0
8.11196231e+00 1.0
8.11294574e+00 1.0
8.11392917e+00 1.0
8.11491260e+00 1.0
8.11589603e+00 1.0
8.11687946e+00 1.0
8.11786288e+00 1.0
8.11884631e+00 1.0
8.11982974e+00 1.0
8.12081317e+00 1.0
8.12179660e+00 1.0
8.12278003e+00 1.0
8.12376346e+00 1.0
8.12474689e+00 1.0
8.12573031e+00 0.0
8.12671374e+00 0.0
8.12769717e+00 0.0
8.12868060e+00 0.0
8.12966403e+00 0.0
8.13064746e+00 0.0
8.13163089e+00 0.0
8.13261432e+00 0.0
8.13359774e+00 0.0
8.13458117e+00 0.0
8.13556460e+00 0.0
8.13654803e+00 0.0
8.13753146e+00 0.0
8.13851489e+00 0.0
8.13949832e+00 0.0
8.14048175e+00 0.0
8.14146517e+00 0.0
8.14244860e+00 0.0
8.14343203e+00 0.0
8.14441546e+00 0.0
8.14539889e+00 0.0
8.14638232e+00 0.0
8.14736575e+00 0.0
8.14834918e+00 0.0
8.14933260e+00 0.0
8.15031603e+00 0.0
8.15129946e+00 0.0
8.15228289e+00 0.0
8.15326632e+00 0.0
8.15424975e+00 0.0
8.15523318e+00 0.0
8.15621661e+00 0.0
8.15720003e+00 0.0
8.15818346e+00 0.0
8.15916689e+00 0.0
8.16015032e+00 0.0
8.16113375e+00 0.0
8.16211718e+00 0.0
8.16310061e+00 0.0
8.16408404e+00 0.0
8.16506746e+00 0.0
8.16605089e+00 0.0
8.16703432e+00 0.0
8.16801775e+00 0.0
8.16900118e+00 0.0
8.16998461e+00 0.0
8.17096804e+00 0.0
8.17195147e+00 0.0
8.17293489e+00 0.0
8.17391832e+00 0.0
8.17490175e+00 0.0
8.17588518e+00 0.0
8.17686861e+00 0.0
8.17785204e+00 0.0
8.17883547e+00 0.0
8.17981890e+00 0.0
8.18080232e+00 0.0
8.18178575e+00 0.0
8.18276918e+00 0.0
8.18375261e+00 0.0
8.18473604e+00 0.0
8.18571947e+00 0.0
8.18670290e+00 0.0
8.18768633e+00 0.0
8.18866976e+00 0.0
8.18965318e+00 0.0
8.19063661e+00 0.0
8.19162004e+00 0.0
8.19260347e+00 0.0
8.19358690e+00 0.0
8.19457033e+00 0.0
8.19555376e+00 0.0
8.19653719e+00 0.0
8.19752061e+00 0.0
8.19850404e+00 0.0
8.19948747e+00 0.0
8.20047090e+00 0.0
8.20145433e+00 0.0
8.20243776e+00 0.0
8.20342119e+00 0.0
8.20440462e+00 0.0
8.20538804e+00 0.0
8.20637147e+00 0.0
8.20735490e+00 0.0
8.20833833e+00 0.0
8.20932176e+00 0.0
8.21030519e+00 0.0
8.21128862e+00 0.0
8.21227205e+00 0.0
8.21325547e+00 0.0
8.21423890e+00 0.0
8.21522233e+00 0.0
8.21620576e+00 0.0
8.21718919e+00 0.0
8.21817262e+00 0.0
8.21915605e+00 0.0
