# #Wavelength [um]  Transmission
1.21204180e+01 0.0
1.21214014e+01 0.0
1.21223848e+01 0.0
1.21233682e+01 0.0
1.21243517e+01 0.0
1.21253351e+01 0.0
1.21263185e+01 0.0
1.21273020e+01 0.0
1.21282854e+01 0.0
1.21292688e+01 0.0
1.21302522e+01 0.0
1.21312357e+01 0.0
1.21322191e+01 0.0
1.21332025e+01 0.0
1.21341860e+01 0.0
1.21351694e+01 0.0
1.21361528e+01 0.0
1.21371362e+01 0.0
1.21381197e+01 0.0
1.21391031e+01 0.0
1.21400865e+01 0.0
1.21410700e+01 0.0
1.21420534e+01 0.0
1.21430368e+01 0.0
1.21440202e+01 0.0
1.21450037e+01 0.0
1.21459871e+01 0.0
1.21469705e+01 0.0
1.21479540e+01 0.0
1.21489374e+01 0.0
1.21499208e+01 0.0
1.21509042e+01 0.0
1.21518877e+01 0.0
1.21528711e+01 0.0
1.21538545e+01 0.0
1.21548380e+01 0.0
1.21558214e+01 0.0
1.21568048e+01 0.0
1.21577882e+01 0.0
1.21587717e+01 0.0
1.21597551e+01 0.0
1.21607385e+01 0.0
1.21617220e+01 0.0
1.21627054e+01 0.0
1.21636888e+01 0.0
1.21646722e+01 0.0
1.21656557e+01 0.0
1.21666391e+01 0.0
1.21676225e+01 0.0
1.21686060e+01 0.0
1.21695894e+01 0.0
1.21705728e+01 0.0
1.21715562e+01 0.0
1.21725397e+01 0.0
1.21735231e+01 0.0
1.21745065e+01 0.0
1.21754900e+01 0.0
1.21764734e+01 0.0
1.21774568e+01 0.0
1.21784402e+01 0.0
1.21794237e+01 0.0
1.21804071e+01 0.0
1.21813905e+01 0.0
1.21823740e+01 0.0
1.21833574e+01 0.0
1.21843408e+01 0.0
1.21853242e+01 0.0
1.21863077e+01 0.0
1.21872911e+01 0.0
1.21882745e+01 0.0
1.21892580e+01 0.0
1.21902414e+01 0.0
1.21912248e+01 0.0
1.21922082e+01 0.0
1.21931917e+01 0.0
1.21941751e+01 0.0
1.21951585e+01 0.0
1.21961420e+01 0.0
1.21971254e+01 0.0
1.21981088e+01 0.0
1.21990923e+01 0.0
1.22000757e+01 0.0
1.22010591e+01 0.0
1.22020425e+01 0.0
1.22030260e+01 0.0
1.22040094e+01 0.0
1.22049928e+01 0.0
1.22059763e+01 0.0
1.22069597e+01 0.0
1.22079431e+01 0.0
1.22089265e+01 0.0
1.22099100e+01 0.0
1.22108934e+01 0.0
1.22118768e+01 0.0
1.22128603e+01 0.0
1.22138437e+01 0.0
1.22148271e+01 0.0
1.22158105e+01 0.0
1.22167940e+01 0.0
1.22177774e+01 0.0
1.22187608e+01 0.0
1.22197443e+01 0.0
1.22207277e+01 1.0
1.22217111e+01 1.0
1.22226945e+01 1.0
1.22236780e+01 1.0
1.22246614e+01 1.0
1.22256448e+01 1.0
1.22266283e+01 1.0
1.22276117e+01 1.0
1.22285951e+01 1.0
1.22295785e+01 1.0
1.22305620e+01 1.0
1.22315454e+01 1.0
1.22325288e+01 1.0
1.22335123e+01 1.0
1.22344957e+01 1.0
1.22354791e+01 1.0
1.22364625e+01 1.0
1.22374460e+01 1.0
1.22384294e+01 1.0
1.22394128e+01 1.0
1.22403963e+01 1.0
1.22413797e+01 1.0
1.22423631e+01 1.0
1.22433465e+01 1.0
1.22443300e+01 1.0
1.22453134e+01 1.0
1.22462968e+01 1.0
1.22472803e+01 1.0
1.22482637e+01 1.0
1.22492471e+01 1.0
1.22502305e+01 1.0
1.22512140e+01 1.0
1.22521974e+01 1.0
1.22531808e+01 1.0
1.22541643e+01 1.0
1.22551477e+01 1.0
1.22561311e+01 1.0
1.22571145e+01 1.0
1.22580980e+01 1.0
1.22590814e+01 1.0
1.22600648e+01 1.0
1.22610483e+01 1.0
1.22620317e+01 1.0
1.22630151e+01 1.0
1.22639985e+01 1.0
1.22649820e+01 1.0
1.22659654e+01 1.0
1.22669488e+01 1.0
1.22679323e+01 1.0
1.22689157e+01 1.0
1.22698991e+01 1.0
1.22708826e+01 1.0
1.22718660e+01 1.0
1.22728494e+01 1.0
1.22738328e+01 1.0
1.22748163e+01 1.0
1.22757997e+01 1.0
1.22767831e+01 1.0
1.22777666e+01 1.0
1.22787500e+01 1.0
1.22797334e+01 1.0
1.22807168e+01 1.0
1.22817003e+01 1.0
1.22826837e+01 1.0
1.22836671e+01 1.0
1.22846506e+01 1.0
1.22856340e+01 1.0
1.22866174e+01 1.0
1.22876008e+01 1.0
1.22885843e+01 1.0
1.22895677e+01 1.0
1.22905511e+01 1.0
1.22915346e+01 1.0
1.22925180e+01 1.0
1.22935014e+01 1.0
1.22944848e+01 1.0
1.22954683e+01 1.0
1.22964517e+01 1.0
1.22974351e+01 1.0
1.22984186e+01 1.0
1.22994020e+01 1.0
1.23003854e+01 1.0
1.23013688e+01 1.0
1.23023523e+01 1.0
1.23033357e+01 1.0
1.23043191e+01 1.0
1.23053026e+01 1.0
1.23062860e+01 1.0
1.23072694e+01 1.0
1.23082528e+01 1.0
1.23092363e+01 1.0
1.23102197e+01 1.0
1.23112031e+01 1.0
1.23121866e+01 1.0
1.23131700e+01 1.0
1.23141534e+01 1.0
1.23151368e+01 1.0
1.23161203e+01 1.0
1.23171037e+01 1.0
1.23180871e+01 1.0
1.23190706e+01 1.0
1.23200540e+01 1.0
1.23210374e+01 1.0
1.23220208e+01 1.0
1.23230043e+01 1.0
1.23239877e+01 1.0
1.23249711e+01 1.0
1.23259546e+01 1.0
1.23269380e+01 1.0
1.23279214e+01 1.0
1.23289048e+01 1.0
1.23298883e+01 1.0
1.23308717e+01 1.0
1.23318551e+01 1.0
1.23328386e+01 1.0
1.23338220e+01 1.0
1.23348054e+01 1.0
1.23357888e+01 1.0
1.23367723e+01 1.0
1.23377557e+01 1.0
1.23387391e+01 1.0
1.23397226e+01 1.0
1.23407060e+01 1.0
1.23416894e+01 1.0
1.23426729e+01 1.0
1.23436563e+01 1.0
1.23446397e+01 1.0
1.23456231e+01 1.0
1.23466066e+01 1.0
1.23475900e+01 1.0
1.23485734e+01 1.0
1.23495569e+01 1.0
1.23505403e+01 1.0
1.23515237e+01 1.0
1.23525071e+01 1.0
1.23534906e+01 1.0
1.23544740e+01 1.0
1.23554574e+01 1.0
1.23564409e+01 1.0
1.23574243e+01 1.0
1.23584077e+01 1.0
1.23593911e+01 1.0
1.23603746e+01 1.0
1.23613580e+01 1.0
1.23623414e+01 1.0
1.23633249e+01 1.0
1.23643083e+01 1.0
1.23652917e+01 1.0
1.23662751e+01 1.0
1.23672586e+01 1.0
1.23682420e+01 1.0
1.23692254e+01 1.0
1.23702089e+01 1.0
1.23711923e+01 1.0
1.23721757e+01 1.0
1.23731591e+01 1.0
1.23741426e+01 1.0
1.23751260e+01 1.0
1.23761094e+01 1.0
1.23770929e+01 1.0
1.23780763e+01 1.0
1.23790597e+01 1.0
1.23800431e+01 1.0
1.23810266e+01 1.0
1.23820100e+01 1.0
1.23829934e+01 1.0
1.23839769e+01 1.0
1.23849603e+01 1.0
1.23859437e+01 1.0
1.23869271e+01 1.0
1.23879106e+01 1.0
1.23888940e+01 1.0
1.23898774e+01 1.0
1.23908609e+01 1.0
1.23918443e+01 1.0
1.23928277e+01 1.0
1.23938111e+01 1.0
1.23947946e+01 1.0
1.23957780e+01 1.0
1.23967614e+01 1.0
1.23977449e+01 1.0
1.23987283e+01 1.0
1.23997117e+01 1.0
1.24006951e+01 1.0
1.24016786e+01 1.0
1.24026620e+01 1.0
1.24036454e+01 1.0
1.24046289e+01 1.0
1.24056123e+01 0.0
1.24065957e+01 0.0
1.24075791e+01 0.0
1.24085626e+01 0.0
1.24095460e+01 0.0
1.24105294e+01 0.0
1.24115129e+01 0.0
1.24124963e+01 0.0
1.24134797e+01 0.0
1.24144632e+01 0.0
1.24154466e+01 0.0
1.24164300e+01 0.0
1.24174134e+01 0.0
1.24183969e+01 0.0
1.24193803e+01 0.0
1.24203637e+01 0.0
1.24213472e+01 0.0
1.24223306e+01 0.0
1.24233140e+01 0.0
1.24242974e+01 0.0
1.24252809e+01 0.0
1.24262643e+01 0.0
1.24272477e+01 0.0
1.24282312e+01 0.0
1.24292146e+01 0.0
1.24301980e+01 0.0
1.24311814e+01 0.0
1.24321649e+01 0.0
1.24331483e+01 0.0
1.24341317e+01 0.0
1.24351152e+01 0.0
1.24360986e+01 0.0
1.24370820e+01 0.0
1.24380654e+01 0.0
1.24390489e+01 0.0
1.24400323e+01 0.0
1.24410157e+01 0.0
1.24419992e+01 0.0
1.24429826e+01 0.0
1.24439660e+01 0.0
1.24449494e+01 0.0
1.24459329e+01 0.0
1.24469163e+01 0.0
1.24478997e+01 0.0
1.24488832e+01 0.0
1.24498666e+01 0.0
1.24508500e+01 0.0
1.24518334e+01 0.0
1.24528169e+01 0.0
1.24538003e+01 0.0
1.24547837e+01 0.0
1.24557672e+01 0.0
1.24567506e+01 0.0
1.24577340e+01 0.0
1.24587174e+01 0.0
1.24597009e+01 0.0
1.24606843e+01 0.0
1.24616677e+01 0.0
1.24626512e+01 0.0
1.24636346e+01 0.0
1.24646180e+01 0.0
1.24656014e+01 0.0
1.24665849e+01 0.0
1.24675683e+01 0.0
1.24685517e+01 0.0
1.24695352e+01 0.0
1.24705186e+01 0.0
1.24715020e+01 0.0
1.24724854e+01 0.0
1.24734689e+01 0.0
1.24744523e+01 0.0
1.24754357e+01 0.0
1.24764192e+01 0.0
1.24774026e+01 0.0
1.24783860e+01 0.0
1.24793694e+01 0.0
1.24803529e+01 0.0
1.24813363e+01 0.0
1.24823197e+01 0.0
1.24833032e+01 0.0
1.24842866e+01 0.0
1.24852700e+01 0.0
1.24862535e+01 0.0
1.24872369e+01 0.0
1.24882203e+01 0.0
1.24892037e+01 0.0
1.24901872e+01 0.0
1.24911706e+01 0.0
1.24921540e+01 0.0
1.24931375e+01 0.0
1.24941209e+01 0.0
1.24951043e+01 0.0
1.24960877e+01 0.0
1.24970712e+01 0.0
1.24980546e+01 0.0
1.24990380e+01 0.0
