# #Wavelength [um]  Transmission
8.58007440e+00 0.0
8.58105783e+00 0.0
8.58204126e+00 0.0
8.58302469e+00 0.0
8.58400812e+00 0.0
8.58499155e+00 0.0
8.58597498e+00 0.0
8.58695840e+00 0.0
8.58794183e+00 0.0
8.58892526e+00 0.0
8.58990869e+00 0.0
8.59089212e+00 0.0
8.59187555e+00 0.0
8.59285898e+00 0.0
8.59384241e+00 0.0
8.59482583e+00 0.0
8.59580926e+00 0.0
8.59679269e+00 0.0
8.59777612e+00 0.0
8.59875955e+00 0.0
8.59974298e+00 0.0
8.60072641e+00 0.0
8.60170984e+00 0.0
8.60269326e+00 0.0
8.60367669e+00 0.0
8.60466012e+00 0.0
8.60564355e+00 0.0
8.60662698e+00 0.0
8.60761041e+00 0.0
8.60859384e+00 0.0
8.60957727e+00 0.0
8.61056069e+00 0.0
8.61154412e+00 0.0
8.61252755e+00 0.0
8.61351098e+00 0.0
8.61449441e+00 0.0
8.61547784e+00 0.0
8.61646127e+00 0.0
8.61744470e+00 0.0
8.61842812e+00 0.0
8.61941155e+00 0.0
8.62039498e+00 0.0
8.62137841e+00 0.0
8.62236184e+00 0.0
8.62334527e+00 0.0
8.62432870e+00 0.0
8.62531213e+00 0.0
8.62629555e+00 0.0
8.62727898e+00 0.0
8.62826241e+00 0.0
8.62924584e+00 0.0
8.63022927e+00 0.0
8.63121270e+00 0.0
8.63219613e+00 0.0
8.63317956e+00 0.0
8.63416298e+00 0.0
8.63514641e+00 0.0
8.63612984e+00 0.0
8.63711327e+00 0.0
8.63809670e+00 0.0
8.63908013e+00 0.0
8.64006356e+00 0.0
8.64104699e+00 0.0
8.64203041e+00 0.0
8.64301384e+00 0.0
8.64399727e+00 0.0
8.64498070e+00 0.0
8.64596413e+00 0.0
8.64694756e+00 0.0
8.64793099e+00 0.0
8.64891442e+00 0.0
8.64989784e+00 0.0
8.65088127e+00 0.0
8.65186470e+00 0.0
8.65284813e+00 0.0
8.65383156e+00 0.0
8.65481499e+00 0.0
8.65579842e+00 0.0
8.65678185e+00 0.0
8.65776528e+00 0.0
8.65874870e+00 0.0
8.65973213e+00 0.0
8.66071556e+00 0.0
8.66169899e+00 0.0
8.66268242e+00 0.0
8.66366585e+00 0.0
8.66464928e+00 0.0
8.66563271e+00 0.0
8.66661613e+00 0.0
8.66759956e+00 0.0
8.66858299e+00 0.0
8.66956642e+00 0.0
8.67054985e+00 0.0
8.67153328e+00 0.0
8.67251671e+00 0.0
8.67350014e+00 0.0
8.67448356e+00 0.0
8.67546699e+00 0.0
8.67645042e+00 0.0
8.67743385e+00 0.0
8.67841728e+00 0.0
8.67940071e+00 0.0
8.68038414e+00 1.0
8.68136757e+00 1.0
8.68235099e+00 1.0
8.68333442e+00 1.0
8.68431785e+00 1.0
8.68530128e+00 1.0
8.68628471e+00 1.0
8.68726814e+00 1.0
8.68825157e+00 1.0
8.68923500e+00 1.0
8.69021842e+00 1.0
8.69120185e+00 1.0
8.69218528e+00 1.0
8.69316871e+00 1.0
8.69415214e+00 1.0
8.69513557e+00 1.0
8.69611900e+00 1.0
8.69710243e+00 1.0
8.69808585e+00 1.0
8.69906928e+00 1.0
8.70005271e+00 1.0
8.70103614e+00 1.0
8.70201957e+00 1.0
8.70300300e+00 1.0
8.70398643e+00 1.0
8.70496986e+00 1.0
8.70595328e+00 1.0
8.70693671e+00 1.0
8.70792014e+00 1.0
8.70890357e+00 1.0
8.70988700e+00 1.0
8.71087043e+00 1.0
8.71185386e+00 1.0
8.71283729e+00 1.0
8.71382071e+00 1.0
8.71480414e+00 1.0
8.71578757e+00 1.0
8.71677100e+00 1.0
8.71775443e+00 1.0
8.71873786e+00 1.0
8.71972129e+00 1.0
8.72070472e+00 1.0
8.72168814e+00 1.0
8.72267157e+00 1.0
8.72365500e+00 1.0
8.72463843e+00 1.0
8.72562186e+00 1.0
8.72660529e+00 1.0
8.72758872e+00 1.0
8.72857215e+00 1.0
8.72955557e+00 1.0
8.73053900e+00 1.0
8.73152243e+00 1.0
8.73250586e+00 1.0
8.73348929e+00 1.0
8.73447272e+00 1.0
8.73545615e+00 1.0
8.73643958e+00 1.0
8.73742300e+00 1.0
8.73840643e+00 1.0
8.73938986e+00 1.0
8.74037329e+00 1.0
8.74135672e+00 1.0
8.74234015e+00 1.0
8.74332358e+00 1.0
8.74430701e+00 1.0
8.74529044e+00 1.0
8.74627386e+00 1.0
8.74725729e+00 1.0
8.74824072e+00 1.0
8.74922415e+00 1.0
8.75020758e+00 1.0
8.75119101e+00 1.0
8.75217444e+00 1.0
8.75315787e+00 1.0
8.75414129e+00 1.0
8.75512472e+00 1.0
8.75610815e+00 1.0
8.75709158e+00 1.0
8.75807501e+00 1.0
8.75905844e+00 1.0
8.76004187e+00 1.0
8.76102530e+00 1.0
8.76200872e+00 1.0
8.76299215e+00 1.0
8.76397558e+00 1.0
8.76495901e+00 1.0
8.76594244e+00 1.0
8.76692587e+00 1.0
8.76790930e+00 1.0
8.76889273e+00 1.0
8.76987615e+00 1.0
8.77085958e+00 1.0
8.77184301e+00 1.0
8.77282644e+00 1.0
8.77380987e+00 1.0
8.77479330e+00 1.0
8.77577673e+00 1.0
8.77676016e+00 1.0
8.77774358e+00 1.0
8.77872701e+00 1.0
8.77971044e+00 1.0
8.78069387e+00 1.0
8.78167730e+00 1.0
8.78266073e+00 1.0
8.78364416e+00 1.0
8.78462759e+00 1.0
8.78561101e+00 1.0
8.78659444e+00 1.0
8.78757787e+00 1.0
8.78856130e+00 1.0
8.78954473e+00 1.0
8.79052816e+00 1.0
8.79151159e+00 1.0
8.79249502e+00 1.0
8.79347844e+00 1.0
8.79446187e+00 1.0
8.79544530e+00 1.0
8.79642873e+00 1.0
8.79741216e+00 1.0
8.79839559e+00 1.0
8.79937902e+00 1.0
8.80036245e+00 1.0
8.80134587e+00 1.0
8.80232930e+00 1.0
8.80331273e+00 1.0
8.80429616e+00 1.0
8.80527959e+00 1.0
8.80626302e+00 1.0
8.80724645e+00 1.0
8.80822988e+00 1.0
8.80921330e+00 1.0
8.81019673e+00 1.0
8.81118016e+00 1.0
8.81216359e+00 1.0
8.81314702e+00 1.0
8.81413045e+00 1.0
8.81511388e+00 1.0
8.81609731e+00 1.0
8.81708073e+00 1.0
8.81806416e+00 1.0
8.81904759e+00 1.0
8.82003102e+00 1.0
8.82101445e+00 1.0
8.82199788e+00 1.0
8.82298131e+00 1.0
8.82396474e+00 1.0
8.82494816e+00 1.0
8.82593159e+00 1.0
8.82691502e+00 1.0
8.82789845e+00 1.0
8.82888188e+00 1.0
8.82986531e+00 1.0
8.83084874e+00 1.0
8.83183217e+00 1.0
8.83281559e+00 1.0
8.83379902e+00 1.0
8.83478245e+00 1.0
8.83576588e+00 1.0
8.83674931e+00 1.0
8.83773274e+00 1.0
8.83871617e+00 1.0
8.83969960e+00 1.0
8.84068303e+00 1.0
8.84166645e+00 1.0
8.84264988e+00 1.0
8.84363331e+00 1.0
8.84461674e+00 1.0
8.84560017e+00 1.0
8.84658360e+00 1.0
8.84756703e+00 1.0
8.84855046e+00 1.0
8.84953388e+00 1.0
8.85051731e+00 1.0
8.85150074e+00 1.0
8.85248417e+00 1.0
8.85346760e+00 1.0
8.85445103e+00 1.0
8.85543446e+00 1.0
8.85641789e+00 1.0
8.85740131e+00 1.0
8.85838474e+00 1.0
8.85936817e+00 1.0
8.86035160e+00 1.0
8.86133503e+00 1.0
8.86231846e+00 1.0
8.86330189e+00 1.0
8.86428532e+00 1.0
8.86526874e+00 0.0
8.86625217e+00 0.0
8.86723560e+00 0.0
8.86821903e+00 0.0
8.86920246e+00 0.0
8.87018589e+00 0.0
8.87116932e+00 0.0
8.87215275e+00 0.0
8.87313617e+00 0.0
8.87411960e+00 0.0
8.87510303e+00 0.0
8.87608646e+00 0.0
8.87706989e+00 0.0
8.87805332e+00 0.0
8.87903675e+00 0.0
8.88002018e+00 0.0
8.88100360e+00 0.0
8.88198703e+00 0.0
8.88297046e+00 0.0
8.88395389e+00 0.0
8.88493732e+00 0.0
8.88592075e+00 0.0
8.88690418e+00 0.0
8.88788761e+00 0.0
8.88887103e+00 0.0
8.88985446e+00 0.0
8.89083789e+00 0.0
8.89182132e+00 0.0
8.89280475e+00 0.0
8.89378818e+00 0.0
8.89477161e+00 0.0
8.89575504e+00 0.0
8.89673846e+00 0.0
8.89772189e+00 0.0
8.89870532e+00 0.0
8.89968875e+00 0.0
8.90067218e+00 0.0
8.90165561e+00 0.0
8.90263904e+00 0.0
8.90362247e+00 0.0
8.90460589e+00 0.0
8.90558932e+00 0.0
8.90657275e+00 0.0
8.90755618e+00 0.0
8.90853961e+00 0.0
8.90952304e+00 0.0
8.91050647e+00 0.0
8.91148990e+00 0.0
8.91247332e+00 0.0
8.91345675e+00 0.0
8.91444018e+00 0.0
8.91542361e+00 0.0
8.91640704e+00 0.0
8.91739047e+00 0.0
8.91837390e+00 0.0
8.91935733e+00 0.0
8.92034075e+00 0.0
8.92132418e+00 0.0
8.92230761e+00 0.0
8.92329104e+00 0.0
8.92427447e+00 0.0
8.92525790e+00 0.0
8.92624133e+00 0.0
8.92722476e+00 0.0
8.92820818e+00 0.0
8.92919161e+00 0.0
8.93017504e+00 0.0
8.93115847e+00 0.0
8.93214190e+00 0.0
8.93312533e+00 0.0
8.93410876e+00 0.0
8.93509219e+00 0.0
8.93607562e+00 0.0
8.93705904e+00 0.0
8.93804247e+00 0.0
8.93902590e+00 0.0
8.94000933e+00 0.0
8.94099276e+00 0.0
8.94197619e+00 0.0
8.94295962e+00 0.0
8.94394305e+00 0.0
8.94492647e+00 0.0
8.94590990e+00 0.0
8.94689333e+00 0.0
8.94787676e+00 0.0
8.94886019e+00 0.0
8.94984362e+00 0.0
8.95082705e+00 0.0
8.95181048e+00 0.0
8.95279390e+00 0.0
8.95377733e+00 0.0
8.95476076e+00 0.0
8.95574419e+00 0.0
8.95672762e+00 0.0
8.95771105e+00 0.0
8.95869448e+00 0.0
8.95967791e+00 0.0
