# #Wavelength [um]  Transmission
1.87212622e+00 0.0
1.87264004e+00 0.0
1.87315386e+00 0.0
1.87366768e+00 0.0
1.87418150e+00 0.0
1.87469532e+00 0.0
1.87520914e+00 0.0
1.87572296e+00 0.0
1.87623677e+00 0.0
1.87675059e+00 0.0
1.87726441e+00 0.0
1.87777823e+00 0.0
1.87829205e+00 0.0
1.87880587e+00 0.0
1.87931969e+00 0.0
1.87983351e+00 0.0
1.88034733e+00 0.0
1.88086115e+00 0.0
1.88137497e+00 0.0
1.88188879e+00 0.0
1.88240261e+00 0.0
1.88291643e+00 0.0
1.88343025e+00 0.0
1.88394407e+00 0.0
1.88445789e+00 0.0
1.88497170e+00 0.0
1.88548552e+00 0.0
1.88599934e+00 0.0
1.88651316e+00 0.0
1.88702698e+00 0.0
1.88754080e+00 0.0
1.88805462e+00 0.0
1.88856844e+00 0.0
1.88908226e+00 0.0
1.88959608e+00 0.0
1.89010990e+00 0.0
1.89062372e+00 0.0
1.89113754e+00 0.0
1.89165136e+00 0.0
1.89216518e+00 0.0
1.89267900e+00 0.0
1.89319282e+00 0.0
1.89370663e+00 0.0
1.89422045e+00 0.0
1.89473427e+00 0.0
1.89524809e+00 0.0
1.89576191e+00 0.0
1.89627573e+00 0.0
1.89678955e+00 0.0
1.89730337e+00 0.0
1.89781719e+00 0.0
1.89833101e+00 0.0
1.89884483e+00 0.0
1.89935865e+00 1.0
1.89987247e+00 1.0
1.90038629e+00 1.0
1.90090011e+00 1.0
1.90141393e+00 1.0
1.90192775e+00 1.0
1.90244156e+00 1.0
1.90295538e+00 1.0
1.90346920e+00 1.0
1.90398302e+00 1.0
1.90449684e+00 1.0
1.90501066e+00 1.0
1.90552448e+00 1.0
1.90603830e+00 1.0
1.90655212e+00 1.0
1.90706594e+00 1.0
1.90757976e+00 1.0
1.90809358e+00 1.0
1.90860740e+00 1.0
1.90912122e+00 1.0
1.90963504e+00 1.0
1.91014886e+00 1.0
1.91066268e+00 1.0
1.91117649e+00 1.0
1.91169031e+00 1.0
1.91220413e+00 1.0
1.91271795e+00 1.0
1.91323177e+00 1.0
1.91374559e+00 1.0
1.91425941e+00 1.0
1.91477323e+00 1.0
1.91528705e+00 1.0
1.91580087e+00 1.0
1.91631469e+00 1.0
1.91682851e+00 1.0
1.91734233e+00 1.0
1.91785615e+00 1.0
1.91836997e+00 1.0
1.91888379e+00 1.0
1.91939761e+00 1.0
1.91991142e+00 1.0
1.92042524e+00 1.0
1.92093906e+00 1.0
1.92145288e+00 1.0
1.92196670e+00 1.0
1.92248052e+00 1.0
1.92299434e+00 1.0
1.92350816e+00 1.0
1.92402198e+00 1.0
1.92453580e+00 1.0
1.92504962e+00 1.0
1.92556344e+00 1.0
1.92607726e+00 1.0
1.92659108e+00 1.0
1.92710490e+00 1.0
1.92761872e+00 1.0
1.92813254e+00 1.0
1.92864635e+00 1.0
1.92916017e+00 1.0
1.92967399e+00 1.0
1.93018781e+00 1.0
1.93070163e+00 1.0
1.93121545e+00 1.0
1.93172927e+00 1.0
1.93224309e+00 1.0
1.93275691e+00 1.0
1.93327073e+00 1.0
1.93378455e+00 1.0
1.93429837e+00 1.0
1.93481219e+00 1.0
1.93532601e+00 1.0
1.93583983e+00 1.0
1.93635365e+00 1.0
1.93686746e+00 1.0
1.93738128e+00 1.0
1.93789510e+00 1.0
1.93840892e+00 1.0
1.93892274e+00 1.0
1.93943656e+00 1.0
1.93995038e+00 1.0
1.94046420e+00 1.0
1.94097802e+00 1.0
1.94149184e+00 1.0
1.94200566e+00 1.0
1.94251948e+00 1.0
1.94303330e+00 1.0
1.94354712e+00 1.0
1.94406094e+00 1.0
1.94457476e+00 1.0
1.94508858e+00 1.0
1.94560239e+00 1.0
1.94611621e+00 1.0
1.94663003e+00 1.0
1.94714385e+00 1.0
1.94765767e+00 1.0
1.94817149e+00 1.0
1.94868531e+00 1.0
1.94919913e+00 1.0
1.94971295e+00 1.0
1.95022677e+00 1.0
1.95074059e+00 1.0
1.95125441e+00 1.0
1.95176823e+00 1.0
1.95228205e+00 1.0
1.95279587e+00 1.0
1.95330969e+00 1.0
1.95382351e+00 1.0
1.95433732e+00 1.0
1.95485114e+00 1.0
1.95536496e+00 1.0
1.95587878e+00 1.0
1.95639260e+00 1.0
1.95690642e+00 1.0
1.95742024e+00 1.0
1.95793406e+00 0.0
1.95844788e+00 0.0
1.95896170e+00 0.0
1.95947552e+00 0.0
1.95998934e+00 0.0
1.96050316e+00 0.0
1.96101698e+00 0.0
1.96153080e+00 0.0
1.96204462e+00 0.0
1.96255844e+00 0.0
1.96307225e+00 0.0
1.96358607e+00 0.0
1.96409989e+00 0.0
1.96461371e+00 0.0
1.96512753e+00 0.0
1.96564135e+00 0.0
1.96615517e+00 0.0
1.96666899e+00 0.0
1.96718281e+00 0.0
1.96769663e+00 0.0
1.96821045e+00 0.0
1.96872427e+00 0.0
1.96923809e+00 0.0
1.96975191e+00 0.0
1.97026573e+00 0.0
1.97077955e+00 0.0
1.97129337e+00 0.0
1.97180718e+00 0.0
1.97232100e+00 0.0
1.97283482e+00 0.0
1.97334864e+00 0.0
1.97386246e+00 0.0
1.97437628e+00 0.0
1.97489010e+00 0.0
1.97540392e+00 0.0
1.97591774e+00 0.0
1.97643156e+00 0.0
1.97694538e+00 0.0
1.97745920e+00 0.0
1.97797302e+00 0.0
1.97848684e+00 0.0
1.97900066e+00 0.0
1.97951448e+00 0.0
1.98002830e+00 0.0
1.98054211e+00 0.0
1.98105593e+00 0.0
1.98156975e+00 0.0
1.98208357e+00 0.0
1.98259739e+00 0.0
1.98311121e+00 0.0
1.98362503e+00 0.0
1.98413885e+00 0.0
1.98465267e+00 0.0
1.98516649e+00 0.0
1.98568031e+00 0.0
