# #Wavelength [um]  Transmission
1.28806084e+01 0.0
1.28815918e+01 0.0
1.28825752e+01 0.0
1.28835587e+01 0.0
1.28845421e+01 0.0
1.28855255e+01 0.0
1.28865090e+01 0.0
1.28874924e+01 0.0
1.28884758e+01 0.0
1.28894592e+01 0.0
1.28904427e+01 0.0
1.28914261e+01 0.0
1.28924095e+01 0.0
1.28933930e+01 0.0
1.28943764e+01 0.0
1.28953598e+01 0.0
1.28963432e+01 0.0
1.28973267e+01 0.0
1.28983101e+01 0.0
1.28992935e+01 0.0
1.29002770e+01 0.0
1.29012604e+01 0.0
1.29022438e+01 0.0
1.29032272e+01 0.0
1.29042107e+01 0.0
1.29051941e+01 0.0
1.29061775e+01 0.0
1.29071610e+01 0.0
1.29081444e+01 0.0
1.29091278e+01 0.0
1.29101112e+01 0.0
1.29110947e+01 0.0
1.29120781e+01 0.0
1.29130615e+01 0.0
1.29140450e+01 0.0
1.29150284e+01 0.0
1.29160118e+01 0.0
1.29169952e+01 0.0
1.29179787e+01 0.0
1.29189621e+01 0.0
1.29199455e+01 0.0
1.29209290e+01 0.0
1.29219124e+01 0.0
1.29228958e+01 0.0
1.29238792e+01 0.0
1.29248627e+01 0.0
1.29258461e+01 0.0
1.29268295e+01 0.0
1.29278130e+01 0.0
1.29287964e+01 0.0
1.29297798e+01 0.0
1.29307633e+01 0.0
1.29317467e+01 0.0
1.29327301e+01 0.0
1.29337135e+01 0.0
1.29346970e+01 0.0
1.29356804e+01 0.0
1.29366638e+01 0.0
1.29376473e+01 0.0
1.29386307e+01 0.0
1.29396141e+01 0.0
1.29405975e+01 0.0
1.29415810e+01 0.0
1.29425644e+01 0.0
1.29435478e+01 0.0
1.29445313e+01 0.0
1.29455147e+01 0.0
1.29464981e+01 0.0
1.29474815e+01 0.0
1.29484650e+01 0.0
1.29494484e+01 0.0
1.29504318e+01 0.0
1.29514153e+01 0.0
1.29523987e+01 0.0
1.29533821e+01 0.0
1.29543655e+01 0.0
1.29553490e+01 0.0
1.29563324e+01 0.0
1.29573158e+01 0.0
1.29582993e+01 0.0
1.29592827e+01 0.0
1.29602661e+01 0.0
1.29612495e+01 0.0
1.29622330e+01 0.0
1.29632164e+01 0.0
1.29641998e+01 0.0
1.29651833e+01 1.0
1.29661667e+01 1.0
1.29671501e+01 1.0
1.29681335e+01 1.0
1.29691170e+01 1.0
1.29701004e+01 1.0
1.29710838e+01 1.0
1.29720673e+01 1.0
1.29730507e+01 1.0
1.29740341e+01 1.0
1.29750175e+01 1.0
1.29760010e+01 1.0
1.29769844e+01 1.0
1.29779678e+01 1.0
1.29789513e+01 1.0
1.29799347e+01 1.0
1.29809181e+01 1.0
1.29819015e+01 1.0
1.29828850e+01 1.0
1.29838684e+01 1.0
1.29848518e+01 1.0
1.29858353e+01 1.0
1.29868187e+01 1.0
1.29878021e+01 1.0
1.29887855e+01 1.0
1.29897690e+01 1.0
1.29907524e+01 1.0
1.29917358e+01 1.0
1.29927193e+01 1.0
1.29937027e+01 1.0
1.29946861e+01 1.0
1.29956695e+01 1.0
1.29966530e+01 1.0
1.29976364e+01 1.0
1.29986198e+01 1.0
1.29996033e+01 1.0
1.30005867e+01 1.0
1.30015701e+01 1.0
1.30025536e+01 1.0
1.30035370e+01 1.0
1.30045204e+01 1.0
1.30055038e+01 1.0
1.30064873e+01 1.0
1.30074707e+01 1.0
1.30084541e+01 1.0
1.30094376e+01 1.0
1.30104210e+01 1.0
1.30114044e+01 1.0
1.30123878e+01 1.0
1.30133713e+01 1.0
1.30143547e+01 1.0
1.30153381e+01 1.0
1.30163216e+01 1.0
1.30173050e+01 1.0
1.30182884e+01 1.0
1.30192718e+01 1.0
1.30202553e+01 1.0
1.30212387e+01 1.0
1.30222221e+01 1.0
1.30232056e+01 1.0
1.30241890e+01 1.0
1.30251724e+01 1.0
1.30261558e+01 1.0
1.30271393e+01 1.0
1.30281227e+01 1.0
1.30291061e+01 1.0
1.30300896e+01 1.0
1.30310730e+01 1.0
1.30320564e+01 1.0
1.30330398e+01 1.0
1.30340233e+01 1.0
1.30350067e+01 1.0
1.30359901e+01 1.0
1.30369736e+01 1.0
1.30379570e+01 1.0
1.30389404e+01 1.0
1.30399238e+01 1.0
1.30409073e+01 1.0
1.30418907e+01 1.0
1.30428741e+01 1.0
1.30438576e+01 1.0
1.30448410e+01 1.0
1.30458244e+01 1.0
1.30468078e+01 1.0
1.30477913e+01 1.0
1.30487747e+01 1.0
1.30497581e+01 1.0
1.30507416e+01 1.0
1.30517250e+01 1.0
1.30527084e+01 1.0
1.30536918e+01 1.0
1.30546753e+01 1.0
1.30556587e+01 1.0
1.30566421e+01 1.0
1.30576256e+01 1.0
1.30586090e+01 1.0
1.30595924e+01 1.0
1.30605758e+01 1.0
1.30615593e+01 1.0
1.30625427e+01 1.0
1.30635261e+01 1.0
1.30645096e+01 1.0
1.30654930e+01 1.0
1.30664764e+01 1.0
1.30674598e+01 1.0
1.30684433e+01 1.0
1.30694267e+01 1.0
1.30704101e+01 1.0
1.30713936e+01 1.0
1.30723770e+01 1.0
1.30733604e+01 1.0
1.30743439e+01 1.0
1.30753273e+01 1.0
1.30763107e+01 1.0
1.30772941e+01 1.0
1.30782776e+01 1.0
1.30792610e+01 1.0
1.30802444e+01 1.0
1.30812279e+01 1.0
1.30822113e+01 1.0
1.30831947e+01 1.0
1.30841781e+01 1.0
1.30851616e+01 1.0
1.30861450e+01 1.0
1.30871284e+01 1.0
1.30881119e+01 1.0
1.30890953e+01 1.0
1.30900787e+01 1.0
1.30910621e+01 1.0
1.30920456e+01 1.0
1.30930290e+01 1.0
1.30940124e+01 1.0
1.30949959e+01 1.0
1.30959793e+01 1.0
1.30969627e+01 1.0
1.30979461e+01 1.0
1.30989296e+01 1.0
1.30999130e+01 1.0
1.31008964e+01 1.0
1.31018799e+01 1.0
1.31028633e+01 1.0
1.31038467e+01 1.0
1.31048301e+01 1.0
1.31058136e+01 1.0
1.31067970e+01 1.0
1.31077804e+01 1.0
1.31087639e+01 1.0
1.31097473e+01 1.0
1.31107307e+01 1.0
1.31117141e+01 1.0
1.31126976e+01 1.0
1.31136810e+01 1.0
1.31146644e+01 1.0
1.31156479e+01 1.0
1.31166313e+01 1.0
1.31176147e+01 1.0
1.31185981e+01 1.0
1.31195816e+01 1.0
1.31205650e+01 1.0
1.31215484e+01 1.0
1.31225319e+01 1.0
1.31235153e+01 1.0
1.31244987e+01 1.0
1.31254821e+01 1.0
1.31264656e+01 1.0
1.31274490e+01 1.0
1.31284324e+01 1.0
1.31294159e+01 1.0
1.31303993e+01 1.0
1.31313827e+01 1.0
1.31323661e+01 1.0
1.31333496e+01 1.0
1.31343330e+01 1.0
1.31353164e+01 1.0
1.31362999e+01 1.0
1.31372833e+01 1.0
1.31382667e+01 1.0
1.31392501e+01 1.0
1.31402336e+01 1.0
1.31412170e+01 1.0
1.31422004e+01 1.0
1.31431839e+01 1.0
1.31441673e+01 1.0
1.31451507e+01 1.0
1.31461342e+01 1.0
1.31471176e+01 1.0
1.31481010e+01 1.0
1.31490844e+01 1.0
1.31500679e+01 0.0
1.31510513e+01 0.0
1.31520347e+01 0.0
1.31530182e+01 0.0
1.31540016e+01 0.0
1.31549850e+01 0.0
1.31559684e+01 0.0
1.31569519e+01 0.0
1.31579353e+01 0.0
1.31589187e+01 0.0
1.31599022e+01 0.0
1.31608856e+01 0.0
1.31618690e+01 0.0
1.31628524e+01 0.0
1.31638359e+01 0.0
1.31648193e+01 0.0
1.31658027e+01 0.0
1.31667862e+01 0.0
1.31677696e+01 0.0
1.31687530e+01 0.0
1.31697364e+01 0.0
1.31707199e+01 0.0
1.31717033e+01 0.0
1.31726867e+01 0.0
1.31736702e+01 0.0
1.31746536e+01 0.0
1.31756370e+01 0.0
1.31766204e+01 0.0
1.31776039e+01 0.0
1.31785873e+01 0.0
1.31795707e+01 0.0
1.31805542e+01 0.0
1.31815376e+01 0.0
1.31825210e+01 0.0
1.31835044e+01 0.0
1.31844879e+01 0.0
1.31854713e+01 0.0
1.31864547e+01 0.0
1.31874382e+01 0.0
1.31884216e+01 0.0
1.31894050e+01 0.0
1.31903884e+01 0.0
1.31913719e+01 0.0
1.31923553e+01 0.0
1.31933387e+01 0.0
1.31943222e+01 0.0
1.31953056e+01 0.0
1.31962890e+01 0.0
1.31972724e+01 0.0
1.31982559e+01 0.0
1.31992393e+01 0.0
1.32002227e+01 0.0
1.32012062e+01 0.0
1.32021896e+01 0.0
1.32031730e+01 0.0
1.32041564e+01 0.0
1.32051399e+01 0.0
1.32061233e+01 0.0
1.32071067e+01 0.0
1.32080902e+01 0.0
1.32090736e+01 0.0
1.32100570e+01 0.0
1.32110404e+01 0.0
1.32120239e+01 0.0
1.32130073e+01 0.0
1.32139907e+01 0.0
1.32149742e+01 0.0
1.32159576e+01 0.0
1.32169410e+01 0.0
1.32179244e+01 0.0
1.32189079e+01 0.0
1.32198913e+01 0.0
1.32208747e+01 0.0
1.32218582e+01 0.0
1.32228416e+01 0.0
1.32238250e+01 0.0
1.32248085e+01 0.0
1.32257919e+01 0.0
1.32267753e+01 0.0
1.32277587e+01 0.0
1.32287422e+01 0.0
1.32297256e+01 0.0
1.32307090e+01 0.0
1.32316925e+01 0.0
1.32326759e+01 0.0
1.32336593e+01 0.0
1.32346427e+01 0.0
1.32356262e+01 0.0
1.32366096e+01 0.0
1.32375930e+01 0.0
1.32385765e+01 0.0
1.32395599e+01 0.0
