# #Wavelength [um]  Transmission
1.04603902e+01 0.0
1.04613736e+01 0.0
1.04623571e+01 0.0
1.04633405e+01 0.0
1.04643239e+01 0.0
1.04653073e+01 0.0
1.04662908e+01 0.0
1.04672742e+01 0.0
1.04682576e+01 0.0
1.04692411e+01 0.0
1.04702245e+01 0.0
1.04712079e+01 0.0
1.04721913e+01 0.0
1.04731748e+01 0.0
1.04741582e+01 0.0
1.04751416e+01 0.0
1.04761251e+01 0.0
1.04771085e+01 0.0
1.04780919e+01 0.0
1.04790753e+01 0.0
1.04800588e+01 0.0
1.04810422e+01 0.0
1.04820256e+01 0.0
1.04830091e+01 0.0
1.04839925e+01 0.0
1.04849759e+01 0.0
1.04859593e+01 0.0
1.04869428e+01 0.0
1.04879262e+01 0.0
1.04889096e+01 0.0
1.04898931e+01 0.0
1.04908765e+01 0.0
1.04918599e+01 0.0
1.04928433e+01 0.0
1.04938268e+01 0.0
1.04948102e+01 0.0
1.04957936e+01 0.0
1.04967771e+01 0.0
1.04977605e+01 0.0
1.04987439e+01 0.0
1.04997273e+01 0.0
1.05007108e+01 0.0
1.05016942e+01 0.0
1.05026776e+01 0.0
1.05036611e+01 0.0
1.05046445e+01 0.0
1.05056279e+01 0.0
1.05066113e+01 0.0
1.05075948e+01 0.0
1.05085782e+01 0.0
1.05095616e+01 0.0
1.05105451e+01 0.0
1.05115285e+01 0.0
1.05125119e+01 0.0
1.05134954e+01 0.0
1.05144788e+01 0.0
1.05154622e+01 0.0
1.05164456e+01 0.0
1.05174291e+01 0.0
1.05184125e+01 0.0
1.05193959e+01 0.0
1.05203794e+01 0.0
1.05213628e+01 0.0
1.05223462e+01 0.0
1.05233296e+01 0.0
1.05243131e+01 0.0
1.05252965e+01 0.0
1.05262799e+01 0.0
1.05272634e+01 0.0
1.05282468e+01 0.0
1.05292302e+01 0.0
1.05302136e+01 0.0
1.05311971e+01 0.0
1.05321805e+01 0.0
1.05331639e+01 0.0
1.05341474e+01 0.0
1.05351308e+01 0.0
1.05361142e+01 0.0
1.05370976e+01 0.0
1.05380811e+01 0.0
1.05390645e+01 0.0
1.05400479e+01 0.0
1.05410314e+01 0.0
1.05420148e+01 0.0
1.05429982e+01 0.0
1.05439816e+01 0.0
1.05449651e+01 0.0
1.05459485e+01 1.0
1.05469319e+01 1.0
1.05479154e+01 1.0
1.05488988e+01 1.0
1.05498822e+01 1.0
1.05508656e+01 1.0
1.05518491e+01 1.0
1.05528325e+01 1.0
1.05538159e+01 1.0
1.05547994e+01 1.0
1.05557828e+01 1.0
1.05567662e+01 1.0
1.05577496e+01 1.0
1.05587331e+01 1.0
1.05597165e+01 1.0
1.05606999e+01 1.0
1.05616834e+01 1.0
1.05626668e+01 1.0
1.05636502e+01 1.0
1.05646336e+01 1.0
1.05656171e+01 1.0
1.05666005e+01 1.0
1.05675839e+01 1.0
1.05685674e+01 1.0
1.05695508e+01 1.0
1.05705342e+01 1.0
1.05715176e+01 1.0
1.05725011e+01 1.0
1.05734845e+01 1.0
1.05744679e+01 1.0
1.05754514e+01 1.0
1.05764348e+01 1.0
1.05774182e+01 1.0
1.05784016e+01 1.0
1.05793851e+01 1.0
1.05803685e+01 1.0
1.05813519e+01 1.0
1.05823354e+01 1.0
1.05833188e+01 1.0
1.05843022e+01 1.0
1.05852857e+01 1.0
1.05862691e+01 1.0
1.05872525e+01 1.0
1.05882359e+01 1.0
1.05892194e+01 1.0
1.05902028e+01 1.0
1.05911862e+01 1.0
1.05921697e+01 1.0
1.05931531e+01 1.0
1.05941365e+01 1.0
1.05951199e+01 1.0
1.05961034e+01 1.0
1.05970868e+01 1.0
1.05980702e+01 1.0
1.05990537e+01 1.0
1.06000371e+01 1.0
1.06010205e+01 1.0
1.06020039e+01 1.0
1.06029874e+01 1.0
1.06039708e+01 1.0
1.06049542e+01 1.0
1.06059377e+01 1.0
1.06069211e+01 1.0
1.06079045e+01 1.0
1.06088879e+01 1.0
1.06098714e+01 1.0
1.06108548e+01 1.0
1.06118382e+01 1.0
1.06128217e+01 1.0
1.06138051e+01 1.0
1.06147885e+01 1.0
1.06157719e+01 1.0
1.06167554e+01 1.0
1.06177388e+01 1.0
1.06187222e+01 1.0
1.06197057e+01 1.0
1.06206891e+01 1.0
1.06216725e+01 1.0
1.06226559e+01 1.0
1.06236394e+01 1.0
1.06246228e+01 1.0
1.06256062e+01 1.0
1.06265897e+01 1.0
1.06275731e+01 1.0
1.06285565e+01 1.0
1.06295399e+01 1.0
1.06305234e+01 1.0
1.06315068e+01 1.0
1.06324902e+01 1.0
1.06334737e+01 1.0
1.06344571e+01 1.0
1.06354405e+01 1.0
1.06364239e+01 1.0
1.06374074e+01 1.0
1.06383908e+01 1.0
1.06393742e+01 1.0
1.06403577e+01 1.0
1.06413411e+01 1.0
1.06423245e+01 1.0
1.06433079e+01 1.0
1.06442914e+01 1.0
1.06452748e+01 1.0
1.06462582e+01 1.0
1.06472417e+01 1.0
1.06482251e+01 1.0
1.06492085e+01 1.0
1.06501919e+01 1.0
1.06511754e+01 1.0
1.06521588e+01 1.0
1.06531422e+01 1.0
1.06541257e+01 1.0
1.06551091e+01 1.0
1.06560925e+01 1.0
1.06570760e+01 1.0
1.06580594e+01 1.0
1.06590428e+01 1.0
1.06600262e+01 1.0
1.06610097e+01 1.0
1.06619931e+01 1.0
1.06629765e+01 1.0
1.06639600e+01 1.0
1.06649434e+01 1.0
1.06659268e+01 1.0
1.06669102e+01 1.0
1.06678937e+01 1.0
1.06688771e+01 1.0
1.06698605e+01 1.0
1.06708440e+01 1.0
1.06718274e+01 1.0
1.06728108e+01 1.0
1.06737942e+01 1.0
1.06747777e+01 1.0
1.06757611e+01 1.0
1.06767445e+01 1.0
1.06777280e+01 1.0
1.06787114e+01 1.0
1.06796948e+01 1.0
1.06806782e+01 1.0
1.06816617e+01 1.0
1.06826451e+01 1.0
1.06836285e+01 1.0
1.06846120e+01 1.0
1.06855954e+01 1.0
1.06865788e+01 1.0
1.06875622e+01 1.0
1.06885457e+01 1.0
1.06895291e+01 1.0
1.06905125e+01 1.0
1.06914960e+01 1.0
1.06924794e+01 1.0
1.06934628e+01 1.0
1.06944462e+01 1.0
1.06954297e+01 1.0
1.06964131e+01 1.0
1.06973965e+01 1.0
1.06983800e+01 1.0
1.06993634e+01 1.0
1.07003468e+01 1.0
1.07013302e+01 1.0
1.07023137e+01 1.0
1.07032971e+01 1.0
1.07042805e+01 1.0
1.07052640e+01 1.0
1.07062474e+01 1.0
1.07072308e+01 1.0
1.07082142e+01 1.0
1.07091977e+01 1.0
1.07101811e+01 1.0
1.07111645e+01 1.0
1.07121480e+01 1.0
1.07131314e+01 1.0
1.07141148e+01 1.0
1.07150982e+01 1.0
1.07160817e+01 1.0
1.07170651e+01 1.0
1.07180485e+01 1.0
1.07190320e+01 1.0
1.07200154e+01 1.0
1.07209988e+01 1.0
1.07219822e+01 1.0
1.07229657e+01 1.0
1.07239491e+01 1.0
1.07249325e+01 1.0
1.07259160e+01 1.0
1.07268994e+01 1.0
1.07278828e+01 1.0
1.07288663e+01 1.0
1.07298497e+01 1.0
1.07308331e+01 0.0
1.07318165e+01 0.0
1.07328000e+01 0.0
1.07337834e+01 0.0
1.07347668e+01 0.0
1.07357503e+01 0.0
1.07367337e+01 0.0
1.07377171e+01 0.0
1.07387005e+01 0.0
1.07396840e+01 0.0
1.07406674e+01 0.0
1.07416508e+01 0.0
1.07426343e+01 0.0
1.07436177e+01 0.0
1.07446011e+01 0.0
1.07455845e+01 0.0
1.07465680e+01 0.0
1.07475514e+01 0.0
1.07485348e+01 0.0
1.07495183e+01 0.0
1.07505017e+01 0.0
1.07514851e+01 0.0
1.07524685e+01 0.0
1.07534520e+01 0.0
1.07544354e+01 0.0
1.07554188e+01 0.0
1.07564023e+01 0.0
1.07573857e+01 0.0
1.07583691e+01 0.0
1.07593525e+01 0.0
1.07603360e+01 0.0
1.07613194e+01 0.0
1.07623028e+01 0.0
1.07632863e+01 0.0
1.07642697e+01 0.0
1.07652531e+01 0.0
1.07662365e+01 0.0
1.07672200e+01 0.0
1.07682034e+01 0.0
1.07691868e+01 0.0
1.07701703e+01 0.0
1.07711537e+01 0.0
1.07721371e+01 0.0
1.07731205e+01 0.0
1.07741040e+01 0.0
1.07750874e+01 0.0
1.07760708e+01 0.0
1.07770543e+01 0.0
1.07780377e+01 0.0
1.07790211e+01 0.0
1.07800045e+01 0.0
1.07809880e+01 0.0
1.07819714e+01 0.0
1.07829548e+01 0.0
1.07839383e+01 0.0
1.07849217e+01 0.0
1.07859051e+01 0.0
1.07868885e+01 0.0
1.07878720e+01 0.0
1.07888554e+01 0.0
1.07898388e+01 0.0
1.07908223e+01 0.0
1.07918057e+01 0.0
1.07927891e+01 0.0
1.07937725e+01 0.0
1.07947560e+01 0.0
1.07957394e+01 0.0
1.07967228e+01 0.0
1.07977063e+01 0.0
1.07986897e+01 0.0
1.07996731e+01 0.0
1.08006566e+01 0.0
1.08016400e+01 0.0
1.08026234e+01 0.0
1.08036068e+01 0.0
1.08045903e+01 0.0
1.08055737e+01 0.0
1.08065571e+01 0.0
1.08075406e+01 0.0
1.08085240e+01 0.0
1.08095074e+01 0.0
1.08104908e+01 0.0
1.08114743e+01 0.0
1.08124577e+01 0.0
1.08134411e+01 0.0
1.08144246e+01 0.0
1.08154080e+01 0.0
1.08163914e+01 0.0
1.08173748e+01 0.0
1.08183583e+01 0.0
1.08193417e+01 0.0
