# #Wavelength [um]  Transmission
7.65073422e+00 0.0
7.65171765e+00 0.0
7.65270108e+00 0.0
7.65368451e+00 0.0
7.65466794e+00 0.0
7.65565137e+00 0.0
7.65663479e+00 0.0
7.65761822e+00 0.0
7.65860165e+00 0.0
7.65958508e+00 0.0
7.66056851e+00 0.0
7.66155194e+00 0.0
7.66253537e+00 0.0
7.66351880e+00 0.0
7.66450222e+00 0.0
7.66548565e+00 0.0
7.66646908e+00 0.0
7.66745251e+00 0.0
7.66843594e+00 0.0
7.66941937e+00 0.0
7.67040280e+00 0.0
7.67138623e+00 0.0
7.67236965e+00 0.0
7.67335308e+00 0.0
7.67433651e+00 0.0
7.67531994e+00 0.0
7.67630337e+00 0.0
7.67728680e+00 0.0
7.67827023e+00 0.0
7.67925366e+00 0.0
7.68023708e+00 0.0
7.68122051e+00 0.0
7.68220394e+00 0.0
7.68318737e+00 0.0
7.68417080e+00 0.0
7.68515423e+00 0.0
7.68613766e+00 0.0
7.68712109e+00 0.0
7.68810451e+00 0.0
7.68908794e+00 0.0
7.69007137e+00 0.0
7.69105480e+00 0.0
7.69203823e+00 0.0
7.69302166e+00 0.0
7.69400509e+00 0.0
7.69498852e+00 0.0
7.69597194e+00 0.0
7.69695537e+00 0.0
7.69793880e+00 0.0
7.69892223e+00 0.0
7.69990566e+00 0.0
7.70088909e+00 0.0
7.70187252e+00 0.0
7.70285595e+00 0.0
7.70383937e+00 0.0
7.70482280e+00 0.0
7.70580623e+00 0.0
7.70678966e+00 0.0
7.70777309e+00 0.0
7.70875652e+00 0.0
7.70973995e+00 0.0
7.71072338e+00 0.0
7.71170680e+00 0.0
7.71269023e+00 0.0
7.71367366e+00 0.0
7.71465709e+00 0.0
7.71564052e+00 0.0
7.71662395e+00 0.0
7.71760738e+00 0.0
7.71859081e+00 0.0
7.71957424e+00 0.0
7.72055766e+00 0.0
7.72154109e+00 0.0
7.72252452e+00 0.0
7.72350795e+00 0.0
7.72449138e+00 0.0
7.72547481e+00 0.0
7.72645824e+00 0.0
7.72744167e+00 0.0
7.72842509e+00 0.0
7.72940852e+00 0.0
7.73039195e+00 0.0
7.73137538e+00 0.0
7.73235881e+00 0.0
7.73334224e+00 0.0
7.73432567e+00 0.0
7.73530910e+00 0.0
7.73629252e+00 0.0
7.73727595e+00 0.0
7.73825938e+00 0.0
7.73924281e+00 0.0
7.74022624e+00 0.0
7.74120967e+00 0.0
7.74219310e+00 0.0
7.74317653e+00 0.0
7.74415995e+00 0.0
7.74514338e+00 0.0
7.74612681e+00 0.0
7.74711024e+00 0.0
7.74809367e+00 0.0
7.74907710e+00 0.0
7.75006053e+00 1.0
7.75104396e+00 1.0
7.75202738e+00 1.0
7.75301081e+00 1.0
7.75399424e+00 1.0
7.75497767e+00 1.0
7.75596110e+00 1.0
7.75694453e+00 1.0
7.75792796e+00 1.0
7.75891139e+00 1.0
7.75989481e+00 1.0
7.76087824e+00 1.0
7.76186167e+00 1.0
7.76284510e+00 1.0
7.76382853e+00 1.0
7.76481196e+00 1.0
7.76579539e+00 1.0
7.76677882e+00 1.0
7.76776224e+00 1.0
7.76874567e+00 1.0
7.76972910e+00 1.0
7.77071253e+00 1.0
7.77169596e+00 1.0
7.77267939e+00 1.0
7.77366282e+00 1.0
7.77464625e+00 1.0
7.77562967e+00 1.0
7.77661310e+00 1.0
7.77759653e+00 1.0
7.77857996e+00 1.0
7.77956339e+00 1.0
7.78054682e+00 1.0
7.78153025e+00 1.0
7.78251368e+00 1.0
7.78349710e+00 1.0
7.78448053e+00 1.0
7.78546396e+00 1.0
7.78644739e+00 1.0
7.78743082e+00 1.0
7.78841425e+00 1.0
7.78939768e+00 1.0
7.79038111e+00 1.0
7.79136453e+00 1.0
7.79234796e+00 1.0
7.79333139e+00 1.0
7.79431482e+00 1.0
7.79529825e+00 1.0
7.79628168e+00 1.0
7.79726511e+00 1.0
7.79824854e+00 1.0
7.79923196e+00 1.0
7.80021539e+00 1.0
7.80119882e+00 1.0
7.80218225e+00 1.0
7.80316568e+00 1.0
7.80414911e+00 1.0
7.80513254e+00 1.0
7.80611597e+00 1.0
7.80709939e+00 1.0
7.80808282e+00 1.0
7.80906625e+00 1.0
7.81004968e+00 1.0
7.81103311e+00 1.0
7.81201654e+00 1.0
7.81299997e+00 1.0
7.81398340e+00 1.0
7.81496683e+00 1.0
7.81595025e+00 1.0
7.81693368e+00 1.0
7.81791711e+00 1.0
7.81890054e+00 1.0
7.81988397e+00 1.0
7.82086740e+00 1.0
7.82185083e+00 1.0
7.82283426e+00 1.0
7.82381768e+00 1.0
7.82480111e+00 1.0
7.82578454e+00 1.0
7.82676797e+00 1.0
7.82775140e+00 1.0
7.82873483e+00 1.0
7.82971826e+00 1.0
7.83070169e+00 1.0
7.83168511e+00 1.0
7.83266854e+00 1.0
7.83365197e+00 1.0
7.83463540e+00 1.0
7.83561883e+00 1.0
7.83660226e+00 1.0
7.83758569e+00 1.0
7.83856912e+00 1.0
7.83955254e+00 1.0
7.84053597e+00 1.0
7.84151940e+00 1.0
7.84250283e+00 1.0
7.84348626e+00 1.0
7.84446969e+00 1.0
7.84545312e+00 1.0
7.84643655e+00 1.0
7.84741997e+00 1.0
7.84840340e+00 1.0
7.84938683e+00 1.0
7.85037026e+00 1.0
7.85135369e+00 1.0
7.85233712e+00 1.0
7.85332055e+00 1.0
7.85430398e+00 1.0
7.85528740e+00 1.0
7.85627083e+00 1.0
7.85725426e+00 1.0
7.85823769e+00 1.0
7.85922112e+00 1.0
7.86020455e+00 1.0
7.86118798e+00 1.0
7.86217141e+00 1.0
7.86315483e+00 1.0
7.86413826e+00 1.0
7.86512169e+00 1.0
7.86610512e+00 1.0
7.86708855e+00 1.0
7.86807198e+00 1.0
7.86905541e+00 1.0
7.87003884e+00 1.0
7.87102226e+00 1.0
7.87200569e+00 1.0
7.87298912e+00 1.0
7.87397255e+00 1.0
7.87495598e+00 1.0
7.87593941e+00 1.0
7.87692284e+00 1.0
7.87790627e+00 1.0
7.87888969e+00 1.0
7.87987312e+00 1.0
7.88085655e+00 1.0
7.88183998e+00 1.0
7.88282341e+00 1.0
7.88380684e+00 1.0
7.88479027e+00 1.0
7.88577370e+00 1.0
7.88675712e+00 1.0
7.88774055e+00 1.0
7.88872398e+00 1.0
7.88970741e+00 1.0
7.89069084e+00 1.0
7.89167427e+00 1.0
7.89265770e+00 1.0
7.89364113e+00 1.0
7.89462455e+00 1.0
7.89560798e+00 1.0
7.89659141e+00 1.0
7.89757484e+00 1.0
7.89855827e+00 1.0
7.89954170e+00 1.0
7.90052513e+00 1.0
7.90150856e+00 1.0
7.90249198e+00 1.0
7.90347541e+00 1.0
7.90445884e+00 1.0
7.90544227e+00 1.0
7.90642570e+00 1.0
7.90740913e+00 1.0
7.90839256e+00 1.0
7.90937599e+00 1.0
7.91035942e+00 1.0
7.91134284e+00 1.0
7.91232627e+00 1.0
7.91330970e+00 1.0
7.91429313e+00 1.0
7.91527656e+00 1.0
7.91625999e+00 1.0
7.91724342e+00 1.0
7.91822685e+00 1.0
7.91921027e+00 1.0
7.92019370e+00 1.0
7.92117713e+00 1.0
7.92216056e+00 1.0
7.92314399e+00 1.0
7.92412742e+00 1.0
7.92511085e+00 1.0
7.92609428e+00 1.0
7.92707770e+00 1.0
7.92806113e+00 1.0
7.92904456e+00 1.0
7.93002799e+00 1.0
7.93101142e+00 1.0
7.93199485e+00 1.0
7.93297828e+00 1.0
7.93396171e+00 1.0
7.93494513e+00 1.0
7.93592856e+00 0.0
7.93691199e+00 0.0
7.93789542e+00 0.0
7.93887885e+00 0.0
7.93986228e+00 0.0
7.94084571e+00 0.0
7.94182914e+00 0.0
7.94281256e+00 0.0
7.94379599e+00 0.0
7.94477942e+00 0.0
7.94576285e+00 0.0
7.94674628e+00 0.0
7.94772971e+00 0.0
7.94871314e+00 0.0
7.94969657e+00 0.0
7.95067999e+00 0.0
7.95166342e+00 0.0
7.95264685e+00 0.0
7.95363028e+00 0.0
7.95461371e+00 0.0
7.95559714e+00 0.0
7.95658057e+00 0.0
7.95756400e+00 0.0
7.95854742e+00 0.0
7.95953085e+00 0.0
7.96051428e+00 0.0
7.96149771e+00 0.0
7.96248114e+00 0.0
7.96346457e+00 0.0
7.96444800e+00 0.0
7.96543143e+00 0.0
7.96641485e+00 0.0
7.96739828e+00 0.0
7.96838171e+00 0.0
7.96936514e+00 0.0
7.97034857e+00 0.0
7.97133200e+00 0.0
7.97231543e+00 0.0
7.97329886e+00 0.0
7.97428228e+00 0.0
7.97526571e+00 0.0
7.97624914e+00 0.0
7.97723257e+00 0.0
7.97821600e+00 0.0
7.97919943e+00 0.0
7.98018286e+00 0.0
7.98116629e+00 0.0
7.98214971e+00 0.0
7.98313314e+00 0.0
7.98411657e+00 0.0
7.98510000e+00 0.0
7.98608343e+00 0.0
7.98706686e+00 0.0
7.98805029e+00 0.0
7.98903372e+00 0.0
7.99001714e+00 0.0
7.99100057e+00 0.0
7.99198400e+00 0.0
7.99296743e+00 0.0
7.99395086e+00 0.0
7.99493429e+00 0.0
7.99591772e+00 0.0
7.99690115e+00 0.0
7.99788458e+00 0.0
7.99886800e+00 0.0
7.99985143e+00 0.0
8.00083486e+00 0.0
8.00181829e+00 0.0
8.00280172e+00 0.0
8.00378515e+00 0.0
8.00476858e+00 0.0
8.00575201e+00 0.0
8.00673543e+00 0.0
8.00771886e+00 0.0
8.00870229e+00 0.0
8.00968572e+00 0.0
8.01066915e+00 0.0
8.01165258e+00 0.0
8.01263601e+00 0.0
8.01361944e+00 0.0
8.01460286e+00 0.0
8.01558629e+00 0.0
8.01656972e+00 0.0
8.01755315e+00 0.0
8.01853658e+00 0.0
8.01952001e+00 0.0
8.02050344e+00 0.0
8.02148687e+00 0.0
8.02247029e+00 0.0
8.02345372e+00 0.0
8.02443715e+00 0.0
8.02542058e+00 0.0
8.02640401e+00 0.0
8.02738744e+00 0.0
8.02837087e+00 0.0
8.02935430e+00 0.0
