# #Wavelength [um]  Transmission
8.21030519e+00 0.0
8.21128862e+00 0.0
8.21227205e+00 0.0
8.21325547e+00 0.0
8.21423890e+00 0.0
8.21522233e+00 0.0
8.21620576e+00 0.0
8.21718919e+00 0.0
8.21817262e+00 0.0
8.21915605e+00 0.0
8.22013948e+00 0.0
8.22112290e+00 0.0
8.22210633e+00 0.0
8.22308976e+00 0.0
8.22407319e+00 0.0
8.22505662e+00 0.0
8.22604005e+00 0.0
8.22702348e+00 0.0
8.22800691e+00 0.0
8.22899033e+00 0.0
8.22997376e+00 0.0
8.23095719e+00 0.0
8.23194062e+00 0.0
8.23292405e+00 0.0
8.23390748e+00 0.0
8.23489091e+00 0.0
8.23587434e+00 0.0
8.23685776e+00 0.0
8.23784119e+00 0.0
8.23882462e+00 0.0
8.23980805e+00 0.0
8.24079148e+00 0.0
8.24177491e+00 0.0
8.24275834e+00 0.0
8.24374177e+00 0.0
8.24472519e+00 0.0
8.24570862e+00 0.0
8.24669205e+00 0.0
8.24767548e+00 0.0
8.24865891e+00 0.0
8.24964234e+00 0.0
8.25062577e+00 0.0
8.25160920e+00 0.0
8.25259262e+00 0.0
8.25357605e+00 0.0
8.25455948e+00 0.0
8.25554291e+00 0.0
8.25652634e+00 0.0
8.25750977e+00 0.0
8.25849320e+00 0.0
8.25947663e+00 0.0
8.26046005e+00 0.0
8.26144348e+00 0.0
8.26242691e+00 0.0
8.26341034e+00 0.0
8.26439377e+00 0.0
8.26537720e+00 0.0
8.26636063e+00 0.0
8.26734406e+00 0.0
8.26832748e+00 0.0
8.26931091e+00 0.0
8.27029434e+00 0.0
8.27127777e+00 0.0
8.27226120e+00 0.0
8.27324463e+00 0.0
8.27422806e+00 0.0
8.27521149e+00 0.0
8.27619491e+00 0.0
8.27717834e+00 0.0
8.27816177e+00 0.0
8.27914520e+00 0.0
8.28012863e+00 0.0
8.28111206e+00 0.0
8.28209549e+00 0.0
8.28307892e+00 0.0
8.28406235e+00 0.0
8.28504577e+00 0.0
8.28602920e+00 0.0
8.28701263e+00 0.0
8.28799606e+00 0.0
8.28897949e+00 0.0
8.28996292e+00 0.0
8.29094635e+00 0.0
8.29192978e+00 0.0
8.29291320e+00 0.0
8.29389663e+00 0.0
8.29488006e+00 0.0
8.29586349e+00 0.0
8.29684692e+00 0.0
8.29783035e+00 0.0
8.29881378e+00 0.0
8.29979721e+00 0.0
8.30078063e+00 0.0
8.30176406e+00 0.0
8.30274749e+00 0.0
8.30373092e+00 0.0
8.30471435e+00 0.0
8.30569778e+00 0.0
8.30668121e+00 0.0
8.30766464e+00 0.0
8.30864806e+00 0.0
8.30963149e+00 0.0
8.31061492e+00 1.0
8.31159835e+00 1.0
8.31258178e+00 1.0
8.31356521e+00 1.0
8.31454864e+00 1.0
8.31553207e+00 1.0
8.31651549e+00 1.0
8.31749892e+00 1.0
8.31848235e+00 1.0
8.31946578e+00 1.0
8.32044921e+00 1.0
8.32143264e+00 1.0
8.32241607e+00 1.0
8.32339950e+00 1.0
8.32438292e+00 1.0
8.32536635e+00 1.0
8.32634978e+00 1.0
8.32733321e+00 1.0
8.32831664e+00 1.0
8.32930007e+00 1.0
8.33028350e+00 1.0
8.33126693e+00 1.0
8.33225035e+00 1.0
8.33323378e+00 1.0
8.33421721e+00 1.0
8.33520064e+00 1.0
8.33618407e+00 1.0
8.33716750e+00 1.0
8.33815093e+00 1.0
8.33913436e+00 1.0
8.34011778e+00 1.0
8.34110121e+00 1.0
8.34208464e+00 1.0
8.34306807e+00 1.0
8.34405150e+00 1.0
8.34503493e+00 1.0
8.34601836e+00 1.0
8.34700179e+00 1.0
8.34798521e+00 1.0
8.34896864e+00 1.0
8.34995207e+00 1.0
8.35093550e+00 1.0
8.35191893e+00 1.0
8.35290236e+00 1.0
8.35388579e+00 1.0
8.35486922e+00 1.0
8.35585264e+00 1.0
8.35683607e+00 1.0
8.35781950e+00 1.0
8.35880293e+00 1.0
8.35978636e+00 1.0
8.36076979e+00 1.0
8.36175322e+00 1.0
8.36273665e+00 1.0
8.36372007e+00 1.0
8.36470350e+00 1.0
8.36568693e+00 1.0
8.36667036e+00 1.0
8.36765379e+00 1.0
8.36863722e+00 1.0
8.36962065e+00 1.0
8.37060408e+00 1.0
8.37158751e+00 1.0
8.37257093e+00 1.0
8.37355436e+00 1.0
8.37453779e+00 1.0
8.37552122e+00 1.0
8.37650465e+00 1.0
8.37748808e+00 1.0
8.37847151e+00 1.0
8.37945494e+00 1.0
8.38043836e+00 1.0
8.38142179e+00 1.0
8.38240522e+00 1.0
8.38338865e+00 1.0
8.38437208e+00 1.0
8.38535551e+00 1.0
8.38633894e+00 1.0
8.38732237e+00 1.0
8.38830579e+00 1.0
8.38928922e+00 1.0
8.39027265e+00 1.0
8.39125608e+00 1.0
8.39223951e+00 1.0
8.39322294e+00 1.0
8.39420637e+00 1.0
8.39518980e+00 1.0
8.39617322e+00 1.0
8.39715665e+00 1.0
8.39814008e+00 1.0
8.39912351e+00 1.0
8.40010694e+00 1.0
8.40109037e+00 1.0
8.40207380e+00 1.0
8.40305723e+00 1.0
8.40404065e+00 1.0
8.40502408e+00 1.0
8.40600751e+00 1.0
8.40699094e+00 1.0
8.40797437e+00 1.0
8.40895780e+00 1.0
8.40994123e+00 1.0
8.41092466e+00 1.0
8.41190808e+00 1.0
8.41289151e+00 1.0
8.41387494e+00 1.0
8.41485837e+00 1.0
8.41584180e+00 1.0
8.41682523e+00 1.0
8.41780866e+00 1.0
8.41879209e+00 1.0
8.41977551e+00 1.0
8.42075894e+00 1.0
8.42174237e+00 1.0
8.42272580e+00 1.0
8.42370923e+00 1.0
8.42469266e+00 1.0
8.42567609e+00 1.0
8.42665952e+00 1.0
8.42764294e+00 1.0
8.42862637e+00 1.0
8.42960980e+00 1.0
8.43059323e+00 1.0
8.43157666e+00 1.0
8.43256009e+00 1.0
8.43354352e+00 1.0
8.43452695e+00 1.0
8.43551037e+00 1.0
8.43649380e+00 1.0
8.43747723e+00 1.0
8.43846066e+00 1.0
8.43944409e+00 1.0
8.44042752e+00 1.0
8.44141095e+00 1.0
8.44239438e+00 1.0
8.44337780e+00 1.0
8.44436123e+00 1.0
8.44534466e+00 1.0
8.44632809e+00 1.0
8.44731152e+00 1.0
8.44829495e+00 1.0
8.44927838e+00 1.0
8.45026181e+00 1.0
8.45124523e+00 1.0
8.45222866e+00 1.0
8.45321209e+00 1.0
8.45419552e+00 1.0
8.45517895e+00 1.0
8.45616238e+00 1.0
8.45714581e+00 1.0
8.45812924e+00 1.0
8.45911266e+00 1.0
8.46009609e+00 1.0
8.46107952e+00 1.0
8.46206295e+00 1.0
8.46304638e+00 1.0
8.46402981e+00 1.0
8.46501324e+00 1.0
8.46599667e+00 1.0
8.46698010e+00 1.0
8.46796352e+00 1.0
8.46894695e+00 1.0
8.46993038e+00 1.0
8.47091381e+00 1.0
8.47189724e+00 1.0
8.47288067e+00 1.0
8.47386410e+00 1.0
8.47484753e+00 1.0
8.47583095e+00 1.0
8.47681438e+00 1.0
8.47779781e+00 1.0
8.47878124e+00 1.0
8.47976467e+00 1.0
8.48074810e+00 1.0
8.48173153e+00 1.0
8.48271496e+00 1.0
8.48369838e+00 1.0
8.48468181e+00 1.0
8.48566524e+00 1.0
8.48664867e+00 1.0
8.48763210e+00 1.0
8.48861553e+00 1.0
8.48959896e+00 1.0
8.49058239e+00 1.0
8.49156581e+00 1.0
8.49254924e+00 1.0
8.49353267e+00 1.0
8.49451610e+00 1.0
8.49549953e+00 0.0
8.49648296e+00 0.0
8.49746639e+00 0.0
8.49844982e+00 0.0
8.49943324e+00 0.0
8.50041667e+00 0.0
8.50140010e+00 0.0
8.50238353e+00 0.0
8.50336696e+00 0.0
8.50435039e+00 0.0
8.50533382e+00 0.0
8.50631725e+00 0.0
8.50730067e+00 0.0
8.50828410e+00 0.0
8.50926753e+00 0.0
8.51025096e+00 0.0
8.51123439e+00 0.0
8.51221782e+00 0.0
8.51320125e+00 0.0
8.51418468e+00 0.0
8.51516810e+00 0.0
8.51615153e+00 0.0
8.51713496e+00 0.0
8.51811839e+00 0.0
8.51910182e+00 0.0
8.52008525e+00 0.0
8.52106868e+00 0.0
8.52205211e+00 0.0
8.52303553e+00 0.0
8.52401896e+00 0.0
8.52500239e+00 0.0
8.52598582e+00 0.0
8.52696925e+00 0.0
8.52795268e+00 0.0
8.52893611e+00 0.0
8.52991954e+00 0.0
8.53090296e+00 0.0
8.53188639e+00 0.0
8.53286982e+00 0.0
8.53385325e+00 0.0
8.53483668e+00 0.0
8.53582011e+00 0.0
8.53680354e+00 0.0
8.53778697e+00 0.0
8.53877039e+00 0.0
8.53975382e+00 0.0
8.54073725e+00 0.0
8.54172068e+00 0.0
8.54270411e+00 0.0
8.54368754e+00 0.0
8.54467097e+00 0.0
8.54565440e+00 0.0
8.54663782e+00 0.0
8.54762125e+00 0.0
8.54860468e+00 0.0
8.54958811e+00 0.0
8.55057154e+00 0.0
8.55155497e+00 0.0
8.55253840e+00 0.0
8.55352183e+00 0.0
8.55450525e+00 0.0
8.55548868e+00 0.0
8.55647211e+00 0.0
8.55745554e+00 0.0
8.55843897e+00 0.0
8.55942240e+00 0.0
8.56040583e+00 0.0
8.56138926e+00 0.0
8.56237269e+00 0.0
8.56335611e+00 0.0
8.56433954e+00 0.0
8.56532297e+00 0.0
8.56630640e+00 0.0
8.56728983e+00 0.0
8.56827326e+00 0.0
8.56925669e+00 0.0
8.57024012e+00 0.0
8.57122354e+00 0.0
8.57220697e+00 0.0
8.57319040e+00 0.0
8.57417383e+00 0.0
8.57515726e+00 0.0
8.57614069e+00 0.0
8.57712412e+00 0.0
8.57810755e+00 0.0
8.57909097e+00 0.0
8.58007440e+00 0.0
8.58105783e+00 0.0
8.58204126e+00 0.0
8.58302469e+00 0.0
8.58400812e+00 0.0
8.58499155e+00 0.0
8.58597498e+00 0.0
8.58695840e+00 0.0
8.58794183e+00 0.0
8.58892526e+00 0.0
8.58990869e+00 0.0
